3.353412170410156250e+02
3.358001799452084697e+02
3.362591805496987831e+02
3.367182188497275206e+02
3.371772948405355805e+02
3.376364085173640319e+02
3.380955598754538300e+02
3.385547489100459302e+02
3.390139756163813445e+02
3.394732399897009714e+02
3.399325420252458798e+02
3.403918817182569683e+02
3.408512590639752489e+02
3.413106740576417337e+02
3.417701266944973213e+02
3.422296169697830237e+02
3.426891448787398531e+02
3.431487104166087647e+02
3.436083135786306570e+02
3.440679543600465990e+02
3.445276327560975460e+02
3.449873487620245101e+02
3.454471023730683896e+02
3.459068935844701400e+02
3.463667223914708302e+02
3.468265887893114154e+02
3.472864927732328511e+02
3.477464343384760923e+02
3.482064134802821513e+02
3.486664301938919834e+02
3.491264844745466007e+02
3.495865763174869016e+02
3.500467057179539552e+02
3.505068726711886598e+02
3.509670771724320275e+02
3.514273192169250706e+02
3.518875987999086874e+02
3.523479159166238901e+02
3.528082705623116340e+02
3.532686627322129311e+02
3.537290924215687937e+02
3.541895596256200633e+02
3.546500643396078658e+02
3.551106065587730427e+02
3.555711862783567199e+02
3.560318034935997389e+02
3.564924581997431119e+02
3.569531503920278510e+02
3.574138800656949115e+02
3.578746472159852487e+02
3.583354518381398748e+02
3.587962939273997449e+02
3.592571734790058713e+02
3.597180904881991523e+02
3.601790449502206570e+02
3.606400368603112838e+02
3.611010662137119880e+02
3.615621330056638953e+02
3.620232372314077907e+02
3.624843788861847997e+02
3.629455579652358210e+02
3.634067744638018098e+02
3.638680283771238351e+02
3.643293197004427952e+02
3.647906484289997024e+02
3.652520145580355120e+02
3.657134180827911791e+02
3.661748589985077729e+02
3.666363373004261348e+02
3.670978529837873339e+02
3.675594060438323254e+02
3.680209964758021215e+02
3.684826242749376206e+02
3.689442894364797780e+02
3.694059919556697196e+02
3.698677318277482868e+02
3.703295090479564919e+02
3.707913236115353470e+02
3.712531755137257505e+02
3.717150647497687714e+02
3.721769913149053082e+02
3.726389552043763729e+02
3.731009564134229208e+02
3.735629949372859642e+02
3.740250707712064582e+02
3.744871839104254150e+02
3.749493343501837330e+02
3.754115220857224244e+02
3.758737471122824445e+02
3.763360094251048622e+02
3.767983090194305191e+02
3.772606458905004843e+02
3.777230200335557129e+02
3.781854314438371603e+02
3.786478801165858386e+02
3.791103660470427030e+02
3.795728892304487090e+02
3.800354496620448685e+02
3.804980473370721370e+02
3.809606822507714696e+02
3.814233543983838786e+02
3.818860637751503191e+02
3.823488103763117465e+02
3.828115941971092298e+02
3.832744152327836673e+02
3.837372734785760144e+02
3.842001689297272833e+02
3.846631015814784291e+02
3.851260714290705209e+02
3.855890784677444003e+02
3.860521226927410794e+02
3.865152040993016271e+02
3.869783226826668852e+02
3.874414784380779224e+02
3.879046713607756942e+02
3.883679014460010990e+02
3.888311686889952625e+02
3.892944730849990265e+02
3.897578146292534598e+02
3.902211933169994609e+02
3.906846091434780419e+02
3.911480621039302150e+02
3.916115521935968786e+02
3.920750794077191017e+02
3.925386437415377827e+02
3.930022451902938769e+02
3.934658837492284533e+02
3.939295594135824672e+02
3.943932721785968170e+02
3.948570220395125716e+02
3.953208089915706296e+02
3.957846330300120030e+02
3.962484941500776472e+02
3.967123923470085742e+02
3.971763276160457963e+02
3.976402999524301549e+02
3.981043093514027760e+02
3.985683558082045010e+02
3.990324393180763991e+02
3.994965598762594254e+02
3.999607174779945353e+02
4.004249121185227409e+02
4.008891437930849406e+02
4.013534124969222034e+02
4.018177182252754847e+02
4.022820609733857395e+02
4.027464407364939234e+02
4.032108575098410483e+02
4.036753112886680128e+02
4.041398020682159427e+02
4.046043298437256794e+02
4.050688946104382921e+02
4.055334963635946224e+02
4.059981350984357960e+02
4.064628108102027682e+02
4.069275234941363806e+02
4.073922731454777590e+02
4.078570597594678588e+02
4.083218833313475216e+02
4.087867438563579299e+02
4.092516413297398685e+02
4.097165757467344065e+02
4.101815471025825559e+02
4.106465553925252152e+02
4.111116006118033965e+02
4.115766827556580552e+02
4.120418018193302032e+02
4.125069577980607392e+02
4.129721506870907888e+02
4.134373804816611369e+02
4.139026471770129092e+02
4.143679507683870042e+02
4.148332912510244910e+02
4.152986686201662110e+02
4.157640828710532332e+02
4.162295339989264562e+02
4.166950219990269488e+02
4.171605468665956096e+02
4.176261085968735074e+02
4.180917071851015407e+02
4.185573426265206649e+02
4.190230149163718920e+02
4.194887240498962342e+02
4.199544700223346467e+02
4.204202528289280281e+02
4.208860724649175040e+02
4.213519289255439162e+02
4.218178222060482767e+02
4.222837523016715977e+02
4.227497192076548345e+02
4.232157229192389423e+02
4.236817634316648764e+02
4.241478407401737059e+02
4.246139548400063291e+02
4.250801057264037581e+02
4.255462933946069484e+02
4.260125178398568551e+02
4.264787790573944903e+02
4.269450770424608663e+02
4.274114117902968815e+02
4.278777832961435479e+02
4.283441915552418209e+02
4.288106365628326557e+02
4.292771183141571214e+02
4.297436368044561164e+02
4.302101920289706527e+02
4.306767839829416857e+02
4.311434126616101707e+02
4.316100780602171199e+02
4.320767801740034884e+02
4.325435189982102884e+02
4.330102945280784752e+02
4.334771067588489473e+02
4.339439556857628304e+02
4.344108413040609662e+02
4.348777636089844236e+02
4.353447225957741011e+02
4.358117182596710677e+02
4.362787505959162218e+02
4.367458195997505754e+02
4.372129252664150272e+02
4.376800675911507028e+02
4.381472465691984439e+02
4.386144621957992626e+02
4.390817144661941711e+02
4.395490033756241246e+02
4.400163289193300784e+02
4.404836910925530447e+02
4.409510898905339786e+02
4.414185253085138356e+02
4.418859973417336278e+02
4.423535059854343103e+02
4.428210512348568955e+02
4.432886330852422816e+02
4.437562515318314809e+02
4.442239065698655622e+02
4.446915981945853673e+02
4.451593264012319082e+02
4.456270911850461971e+02
4.460948925412691892e+02
4.465627304651418399e+02
4.470306049519051612e+02
4.474985159968001085e+02
4.479664635950676939e+02
4.484344477419488157e+02
4.489024684326844863e+02
4.493705256625157176e+02
4.498386194266834650e+02
4.503067497204286838e+02
4.507749165389923860e+02
4.512431198776155270e+02
4.517113597315390621e+02
4.521796360960040033e+02
4.526479489662513060e+02
4.531162983375219255e+02
4.535846842050568739e+02
4.540531065640971065e+02
4.545215654098836353e+02
4.549900607376573589e+02
4.554585925426593462e+02
4.559271608201304957e+02
4.563957655653118195e+02
4.568644067734443297e+02
4.573330844397689248e+02
4.578017985595266737e+02
4.582705491279584180e+02
4.587393361403052836e+02
4.592081595918081121e+02
4.596770194777079723e+02
4.601459157932458197e+02
4.606148485336626095e+02
4.610838176941992970e+02
4.615528232700969511e+02
4.620218652565964703e+02
4.624909436489388099e+02
4.629600584423650389e+02
4.634292096321159988e+02
4.638983972134328155e+02
4.643676211815563875e+02
4.648368815317276699e+02
4.653061782591876181e+02
4.657755113591773579e+02
4.662448808269376741e+02
4.667142866577096925e+02
4.671837288467342546e+02
4.676532073892524863e+02
4.681227222805052293e+02
4.685922735157335524e+02
4.690618610901783541e+02
4.695314849990806465e+02
4.700011452376814418e+02
4.704708418012216953e+02
4.709405746849423622e+02
4.714103438840843978e+02
4.718801493938888143e+02
4.723499912095966238e+02
4.728198693264487247e+02
4.732897837396860723e+02
4.737597344445497924e+02
4.742297214362807267e+02
4.746997447101198873e+02
4.751698042613082293e+02
4.756399000850867651e+02
4.761100321766964498e+02
4.765802005313782956e+02
4.770504051443732578e+02
4.775206460109222348e+02
4.779909231262663525e+02
4.784612364856464524e+02
4.789315860843035466e+02
4.794019719174787042e+02
4.798723939804127667e+02
4.803428522683467463e+02
4.808133467765217119e+02
4.812838775001785052e+02
4.817544444345581951e+02
4.822250475749017369e+02
4.826956869164500858e+02
4.831663624544441973e+02
4.836370741841250833e+02
4.841078221007337561e+02
4.845786061995111140e+02
4.850494264756981693e+02
4.855202829245359339e+02
4.859911755412653065e+02
4.864621043211273559e+02
4.869330692593629237e+02
4.874040703512131358e+02
4.878751075919188906e+02
4.883461809767211435e+02
4.888172905008609064e+02
4.892884361595791347e+02
4.897596179481168406e+02
4.902308358617149793e+02
4.907020898956145061e+02
4.911733800450564331e+02
4.916447063052817157e+02
4.921160686715313091e+02
4.925874671390462254e+02
4.930589017030674768e+02
4.935303723588359048e+02
4.940018791015926354e+02
4.944734219265785669e+02
4.949450008290346545e+02
4.954166158042019106e+02
4.958882668473213471e+02
4.963599539536338625e+02
4.968316771183805258e+02
4.973034363368021786e+02
4.977752316041399467e+02
4.982470629156346718e+02
4.987189302665274226e+02
4.991908336520591547e+02
4.996627730674708232e+02
5.001347485080034403e+02
5.006067599688979044e+02
5.010788074453952845e+02
5.015508909327364790e+02
5.020230104261625002e+02
5.024951659209143600e+02
5.029673574122330137e+02
5.034395848953593600e+02
5.039118483655344676e+02
5.043841478179992919e+02
5.048564832479947881e+02
5.053288546507619117e+02
5.058012620215416746e+02
5.062737053555750890e+02
5.067461846481030534e+02
5.072186998943665799e+02
5.076912510896066806e+02
5.081638382290642539e+02
5.086364613079803121e+02
5.091091203215958672e+02
5.095818152651518176e+02
5.100545461338891755e+02
5.105273129230489531e+02
5.110001156278721055e+02
5.114729542435995882e+02
5.119458287654724131e+02
5.124187391887314789e+02
5.128916855086179112e+02
5.133646677203724948e+02
5.138376858192362988e+02
5.143107398004503921e+02
5.147838296592556162e+02
5.152569553908929265e+02
5.157301169906035057e+02
5.162033144536280815e+02
5.166765477752077231e+02
5.171498169505833857e+02
5.176231219749961383e+02
5.180964628436869361e+02
5.185698395518966208e+02
5.190432520948663750e+02
5.195167004678369267e+02
5.199901846660494584e+02
5.204637046847449255e+02
5.209372605191641696e+02
5.214108521645482597e+02
5.218844796161381510e+02
5.223581428691747988e+02
5.228318419188992721e+02
5.233055767605525261e+02
5.237793473893754026e+02
5.242531538006090841e+02
5.247269959894942986e+02
5.252008739512722286e+02
5.256747876811837159e+02
5.261487371744698294e+02
5.266227224263715243e+02
5.270967434321297560e+02
5.275708001869855934e+02
5.280448926861797645e+02
5.285190209249535656e+02
5.289931848985477245e+02
5.294673846022033104e+02
5.299416200311612783e+02
5.304158911806626975e+02
5.308901980459484093e+02
5.313645406222594829e+02
5.318389189048368735e+02
5.323133328889214226e+02
5.327877825697543130e+02
5.332622679425765000e+02
5.337367890026288251e+02
5.342113457451523573e+02
5.346859381653879382e+02
5.351605662585767504e+02
5.356352300199597494e+02
5.361099294447776629e+02
5.365846645282717873e+02
5.370594352656828505e+02
5.375342416522519216e+02
5.380090836832200694e+02
5.384839613538281355e+02
5.389588746593170754e+02
5.394338235949280715e+02
5.399088081559018519e+02
5.403838283374795992e+02
5.408588841349020413e+02
5.413339755434103608e+02
5.418091025582455131e+02
5.422842651746484535e+02
5.427594633878601371e+02
5.432346971931215194e+02
5.437099665856735555e+02
5.441852715607573145e+02
5.446606121136137517e+02
5.451359882394838223e+02
5.456113999336083680e+02
5.460868471912286850e+02
5.465623300075853876e+02
5.470378483779196586e+02
5.475134022974724530e+02
5.479889917614847263e+02
5.484646167651975475e+02
5.489402773038516443e+02
5.494159733726883132e+02
5.498917049669482822e+02
5.503674720818726200e+02
5.508432747127022822e+02
5.513191128546782238e+02
5.517949865030415140e+02
5.522708956530329942e+02
5.527468402998937336e+02
5.532228204388646873e+02
5.536988360651869243e+02
5.541748871741012863e+02
5.546509737608487285e+02
5.551270958206703199e+02
5.556032533488070158e+02
5.560794463404997714e+02
5.565556747909896558e+02
5.570319386955173968e+02
5.575082380493242908e+02
5.579845728476510658e+02
5.584609430857387906e+02
5.589373487588285343e+02
5.594137898621611384e+02
5.598902663909775583e+02
5.603667783405188629e+02
5.608433257060260075e+02
5.613199084827399474e+02
5.617965266659016379e+02
5.622731802507521479e+02
5.627498692325323191e+02
5.632265936064833340e+02
5.637033533678459207e+02
5.641801485118611481e+02
5.646569790337700852e+02
5.651338449288135735e+02
5.656107461922326820e+02
5.660876828192683661e+02
5.665646548051614673e+02
5.670416621451531682e+02
5.675187048344844243e+02
5.679957828683960770e+02
5.684728962421291953e+02
5.689500449509247346e+02
5.694272289900236501e+02
5.699044483546668971e+02
5.703817030400955446e+02
5.708589930415505478e+02
5.713363183542727484e+02
5.718136789735033290e+02
5.722910748944830175e+02
5.727685061124531103e+02
5.732459726226542216e+02
5.737234744203276477e+02
5.742010115007141167e+02
5.746785838590548110e+02
5.751561914905905724e+02
5.756338343905623560e+02
5.761115125542113446e+02
5.765892259767782662e+02
5.770669746535041895e+02
5.775447585796300700e+02
5.780225777503969766e+02
5.785004321610457509e+02
5.789783218068174619e+02
5.794562466829530649e+02
5.799342067846935151e+02
5.804122021072797679e+02
5.808902326459528922e+02
5.813682983959538433e+02
5.818463993525234628e+02
5.823245355109028196e+02
5.828027068663329828e+02
5.832809134140547940e+02
5.837591551493093220e+02
5.842374320673374086e+02
5.847157441633801227e+02
5.851940914326785332e+02
5.856724738704733682e+02
5.861508914720058101e+02
5.866293442325168144e+02
5.871078321472473363e+02
5.875863552114383310e+02
5.880649134203306403e+02
5.885435067691655604e+02
5.890221352531837056e+02
5.895007988676263722e+02
5.899794976077342881e+02
5.904582314687486360e+02
5.909370004459102574e+02
5.914158045344601078e+02
5.918946437296392560e+02
5.923735180266886573e+02
5.928524274208492670e+02
5.933313719073620405e+02
5.938103514814679329e+02
5.942893661384080133e+02
5.947684158734231232e+02
5.952475006817544454e+02
5.957266205586427077e+02
5.962057754993290928e+02
5.966849654990545559e+02
5.971641905530599388e+02
5.976434506565861966e+02
5.981227458048745120e+02
5.986020759931657267e+02
5.990814412167007958e+02
5.995608414707207885e+02
6.000402767504665462e+02
6.005197470511792517e+02
6.009992523680996328e+02
6.014787926964688722e+02
6.019583680315278116e+02
6.024379783685175198e+02
6.029176237026789522e+02
6.033973040292529504e+02
6.038770193434806970e+02
6.043567696406030336e+02
6.048365549158610293e+02
6.053163751644955255e+02
6.057962303817475913e+02
6.062761205628581820e+02
6.067560457030683665e+02
6.072360057976189864e+02
6.077160008417509971e+02
6.081960308307054675e+02
6.086760957597234665e+02
6.091561956240457221e+02
6.096363304189134169e+02
6.101165001395673926e+02
6.105967047812487181e+02
6.110769443391983486e+02
6.115572188086572396e+02
6.120375281848663462e+02
6.125178724630666238e+02
6.129982516384991413e+02
6.134786657064048541e+02
6.139591146620247173e+02
6.144395985005996863e+02
6.149201172173707164e+02
6.154006708075788765e+02
6.158812592664650083e+02
6.163618825892701807e+02
6.168425407712354627e+02
6.173232338076015822e+02
6.178039616936097218e+02
6.182847244245008369e+02
6.187655219955157690e+02
6.192463544018955872e+02
6.197272216388812467e+02
6.202081237017138164e+02
6.206890605856341381e+02
6.211700322858832806e+02
6.216510387977021992e+02
6.221320801163317356e+02
6.226131562370130723e+02
6.230942671549870511e+02
6.235754128654947408e+02
6.240565933637770968e+02
6.245378086450749606e+02
6.250190587046295150e+02
6.255003435376816014e+02
6.259816631394721753e+02
6.264630175052423056e+02
6.269444066302329475e+02
6.274258305096850563e+02
6.279072891388395874e+02
6.283887825129374960e+02
6.288703106272198511e+02
6.293518734769276080e+02
6.298334710573016082e+02
6.303151033635830345e+02
6.307967703910127284e+02
6.312784721348316452e+02
6.317602085902808540e+02
6.322419797526013099e+02
6.327237856170339683e+02
6.332056261788197844e+02
6.336875014331998273e+02
6.341694113754149384e+02
6.346513560007060732e+02
6.351333353043144143e+02
6.356153492814808033e+02
6.360973979274461954e+02
6.365794812374515459e+02
6.370615992067379239e+02
6.375437518305462845e+02
6.380259391041175832e+02
6.385081610226927751e+02
6.389904175815128156e+02
6.394727087758187736e+02
6.399550346008514907e+02
6.404373950518521497e+02
6.409197901240614783e+02
6.414022198127206593e+02
6.418846841130705343e+02
6.423671830203521722e+02
6.428497165298065283e+02
6.433322846366744443e+02
6.438148873361971027e+02
6.442975246236153453e+02
6.447801964941702408e+02
6.452629029431026311e+02
6.457456439656535849e+02
6.462284195570640577e+02
6.467112297125751184e+02
6.471940744274276085e+02
6.476769536968624834e+02
6.481598675161208121e+02
6.486428158804435498e+02
6.491257987850717655e+02
6.496088162252461871e+02
6.500918681962081109e+02
6.505749546931982650e+02
6.510580757114576045e+02
6.515412312462273121e+02
6.520244212927482295e+02
6.525076458462613118e+02
6.529909049020076282e+02
6.534741984552281338e+02
6.539575265011637839e+02
6.544408890350555339e+02
6.549242860521443390e+02
6.554077175476711545e+02
6.558911835168771631e+02
6.563746839550030927e+02
6.568582188572900122e+02
6.573417882189788770e+02
6.578253920353107560e+02
6.583090303015266045e+02
6.587927030128672641e+02
6.592764101645738037e+02
6.597601517518871788e+02
6.602439277700483444e+02
6.607277382142983697e+02
6.612115830798782099e+02
6.616954623620287066e+02
6.621793760559910424e+02
6.626633241570060591e+02
6.631473066603147117e+02
6.636313235611579557e+02
6.641153748547769737e+02
6.645994605364124936e+02
6.650835806013055844e+02
6.655677350446973151e+02
6.660519238618285272e+02
6.665361470479402897e+02
6.670204045982734442e+02
6.675046965080691734e+02
6.679890227725683189e+02
6.684733833870118360e+02
6.689577783466407936e+02
6.694422076466960334e+02
6.699266712824186243e+02
6.704111692490496353e+02
6.708957015418299079e+02
6.713802681560003975e+02
6.718648690868021731e+02
6.723495043294760762e+02
6.728341738792632896e+02
6.733188777314046547e+02
6.738036158811411269e+02
6.742883883237136615e+02
6.747731950543634412e+02
6.752580360683311937e+02
6.757429113608579883e+02
6.762278209271848937e+02
6.767127647625527516e+02
6.771977428622026309e+02
6.776827552213753734e+02
6.781678018353121615e+02
6.786528826992537233e+02
6.791379978084412414e+02
6.796231471581156711e+02
6.801083307435178540e+02
6.805935485598888590e+02
6.810788006024696415e+02
6.815640868665012704e+02
6.820494073472244736e+02
6.825347620398805475e+02
6.830201509397102200e+02
6.835055740419545600e+02
6.839910313418546366e+02
6.844765228346511776e+02
6.849620485155853657e+02
6.854476083798981563e+02
6.859332024228305045e+02
6.864188306396233656e+02
6.869044930255176951e+02
6.873901895757544480e+02
6.878759202855746935e+02
6.883616851502193867e+02
6.888474841649294831e+02
6.893333173249459378e+02
6.898191846255097062e+02
6.903050860618618572e+02
6.907910216292432324e+02
6.912769913228949008e+02
6.917629951380579314e+02
6.922490330699730521e+02
6.927351051138814455e+02
6.932212112650239533e+02
6.937073515186417580e+02
6.941935258699755877e+02
6.946797343142665113e+02
6.951659768467555978e+02
6.956522534626836887e+02
6.961385641572918530e+02
6.966249089258209324e+02
6.971112877635121094e+02
6.975977006656062258e+02
6.980841476273442368e+02
6.985706286439672112e+02
6.990571437107161046e+02
6.995436928228317583e+02
7.000302759755553552e+02
7.005168931641277368e+02
7.010035443837898583e+02
7.014902296297827888e+02
7.019769488973474836e+02
7.024637021817248979e+02
7.029504894781559869e+02
7.034373107818817061e+02
7.039241660881431244e+02
7.044110553921811970e+02
7.048979786892368793e+02
7.053849359745510128e+02
7.058719272433647802e+02
7.063589524909191368e+02
7.068460117124549242e+02
7.073331049032132114e+02
7.078202320584349536e+02
7.083073931733611062e+02
7.087945882432327380e+02
7.092818172632906908e+02
7.097690802287760334e+02
7.102563771349296076e+02
7.107437079769925958e+02
7.112310727502058398e+02
7.117184714498104086e+02
7.122059040710471436e+02
7.126933706091571139e+02
7.131808710593811611e+02
7.136684054169605815e+02
7.141559736771359894e+02
7.146435758351485674e+02
7.151312118862392708e+02
7.156188818256489412e+02
7.161065856486187613e+02
7.165943233503895726e+02
7.170820949262023305e+02
7.175699003712981039e+02
7.180577396809178481e+02
7.185456128503024047e+02
7.190335198746929564e+02
7.195214607493304584e+02
7.200094354694556387e+02
7.204974440303097936e+02
7.209854864271336510e+02
7.214735626551682799e+02
7.219616727096547493e+02
7.224498165858339007e+02
7.229379942789468032e+02
7.234262057842342983e+02
7.239144510969374551e+02
7.244027302122973424e+02
7.248910431255548019e+02
7.253793898319507889e+02
7.258677703267263723e+02
7.263561846051225075e+02
7.268446326623801497e+02
7.273331144937402541e+02
7.278216300944438899e+02
7.283101794597318985e+02
7.287987625848453490e+02
7.292873794650251966e+02
7.297760300955123967e+02
7.302647144715479044e+02
7.307534325883727888e+02
7.312421844412280052e+02
7.317309700253543951e+02
7.322197893359931413e+02
7.327086423683849716e+02
7.331975291177710687e+02
7.336864495793923879e+02
7.341754037484897708e+02
7.346643916203042863e+02
7.351534131900770035e+02
7.356424684530487639e+02
7.361315574044605228e+02
7.366206800395533492e+02
7.371098363535680846e+02
7.375990263417459119e+02
7.380882499993276724e+02
7.385775073215543216e+02
7.390667983036669284e+02
7.395561229409064481e+02
7.400454812285137223e+02
7.405348731617299336e+02
7.410242987357959237e+02
7.415137579459526478e+02
7.420032507874411749e+02
7.424927772555024603e+02
7.429823373453774593e+02
7.434719310523071272e+02
7.439615583715325329e+02
7.444512192982945180e+02
7.449409138278340379e+02
7.454306419553922751e+02
7.459204036762100714e+02
7.464101989855283819e+02
7.469000278785881619e+02
7.473898903506304805e+02
7.478797863968962929e+02
7.483697160126265544e+02
7.488596791930622203e+02
7.493496759334443595e+02
7.498397062290138138e+02
7.503297700750115382e+02
7.508198674666787156e+02
7.513099983992561874e+02
7.518001628679849091e+02
7.522903608681058358e+02
7.527805923948600366e+02
7.532708574434884667e+02
7.537611560092320815e+02
7.542514880873318361e+02
7.547418536730286860e+02
7.552322527615637000e+02
7.557226853481778335e+02
7.562131514281119280e+02
7.567036509966070525e+02
7.571941840489042761e+02
7.576847505802444402e+02
7.581753505858686140e+02
7.586659840610177525e+02
7.591566510009326976e+02
7.596473514008546317e+02
7.601380852560243966e+02
7.606288525616830611e+02
7.611196533130714670e+02
7.616104875054306831e+02
7.621013551340016647e+02
7.625922561940254809e+02
7.630831906807429732e+02
7.635741585893950969e+02
7.640651599152229210e+02
7.645561946534674007e+02
7.650472627993696051e+02
7.655383643481702620e+02
7.660294992951106678e+02
7.665206676354314368e+02
7.670118693643738652e+02
7.675031044771787947e+02
7.679943729690871805e+02
7.684856748353399780e+02
7.689770100711782561e+02
7.694683786718429701e+02
7.699597806325749616e+02
7.704512159486154133e+02
7.709426846152051667e+02
7.714341866275852908e+02
7.719257219809966273e+02
7.724172906706802451e+02
7.729088926918770994e+02
7.734005280398282594e+02
7.738921967097744528e+02
7.743838986969569760e+02
7.748756339966165569e+02
7.753674026039942646e+02
7.758592045143310543e+02
7.763510397228678812e+02
7.768429082248458144e+02
7.773348100155058091e+02
7.778267450900887070e+02
7.783187134438355770e+02
7.788107150719874880e+02
7.793027499697852818e+02
7.797948181324699135e+02
7.802869195552825659e+02
7.807790542334639667e+02
7.812712221622551851e+02
7.817634233368972900e+02
7.822556577526311230e+02
7.827479254046976394e+02
7.832402262883380217e+02
7.837325603987929981e+02
7.842249277313037510e+02
7.847173282811111221e+02
7.852097620434561804e+02
7.857022290135797675e+02
7.861947291867229524e+02
7.866872625581266902e+02
7.871798291230320501e+02
7.876724288766798736e+02
7.881650618143112297e+02
7.886577279311669599e+02
7.891504272224882470e+02
7.896431596835158189e+02
7.901359253094908581e+02
7.906287240956543201e+02
7.911215560372470463e+02
7.916144211295101059e+02
7.921073193676845676e+02
7.926002507470111595e+02
7.930932152627310643e+02
7.935862129100851234e+02
7.940792436843145197e+02
7.945723075806599809e+02
7.950654045943626897e+02
7.955585347206633742e+02
7.960516979548033305e+02
7.965448942920232867e+02
7.970381237275643116e+02
7.975313862566673606e+02
7.980246818745733890e+02
7.985180105765234657e+02
7.990113723577584324e+02
7.995047672135193579e+02
7.999981951390471977e+02
8.004916561295829069e+02
8.009851501803674410e+02
8.014786772866418687e+02
8.019722374436471455e+02
8.024658306466242266e+02
8.029594568908139536e+02
8.034531161714575092e+02
8.039468084837957349e+02
8.044405338230696998e+02
8.049342921845203591e+02
8.054280835633885545e+02
8.059219079549154685e+02
8.064157653543419428e+02
8.069096557569090464e+02
8.074035791578576209e+02
8.078975355524287352e+02
8.083915249358633446e+02
8.088855473034024044e+02
8.093796026502869836e+02
8.098736909717579238e+02
8.103678122630562939e+02
8.108619665194230492e+02
8.113561537360991451e+02
8.118503739083256505e+02
8.123446270313434070e+02
8.128389131003933699e+02
8.133332321107167218e+02
8.138275840575541906e+02
8.143219689361469591e+02
8.148163867417358688e+02
8.153108374695618750e+02
8.158053211148661603e+02
8.162998376728894527e+02
8.167943871388728212e+02
8.172889695080573347e+02
8.177835847756838348e+02
8.182782329369933905e+02
8.187729139872269570e+02
8.192676279216253761e+02
8.197623747354298303e+02
8.202571544238811612e+02
8.207519669822204378e+02
8.212468124056885017e+02
8.217416906895265356e+02
8.222366018289752674e+02
8.227315458192758797e+02
8.232265226556692141e+02
8.237215323333963397e+02
