-0.00008036442622366439 0.00025186467540307686 0.00031741365408791838 
0.00009566735184414527 -0.00046207264359660906 0.00170345931795190964 
-0.00001875025356874605 -0.00004844812818075657 0.00108818702322261481 
0.00006958257233956185 -0.00038752329518532895 0.00159207903588387718 
0.00004200274358795863 -0.00022397535610600201 0.00107419780126660476 
-0.00003251515107971852 0.00005146256303032901 0.00061812066675129773 
0.00013861921908577451 -0.00063198688180571966 0.00200516761384786271 
0.00007466156497777821 -0.00034897733353664117 0.00121207893323003611 
0.00002856943934771589 -0.00017542519191226477 0.00092182241982096888 
0.00006337364058121441 -0.00030978611945774853 0.00131710768606684426 
0.00002313952870015612 -0.00020447263397585947 0.00134078329386416208 
0.00001215074357068401 -0.00007444806938614423 0.00048516466343404886 
0.00007271103498563321 -0.00038948842284830499 0.00155026851504326589 
-0.00006510824961516187 0.00020829033992092504 0.00035298232990589818 
0.00009639909444115755 -0.00047247389328021439 0.00164680822361664889 
-0.00003051193614117648 0.00005111117951557358 0.00072937525657846625 
0.00000404663932302134 -0.00014787574813207729 0.00128420280579792136 
0.00006370653372872515 -0.00029375200431410538 0.00098523093159174008 
0.00004304718215298102 -0.00022724969704721217 0.00121756009161459321 
0.00004372090513403999 -0.00022984720091685584 0.00115337818263248448 
0.00017859640008909081 -0.00083799717458275466 0.00278381487651746225 
-0.00000144178297848226 -0.00006360575377140917 0.00087351652911219716 
0.00003121744455400203 -0.00025308688686881745 0.00162611473724158149 
0.00008019745599877282 -0.00038560629662524187 0.00142516719621214091 
0.00015209179146718563 -0.00066542203159486132 0.00202798297167964192 
0.00008336587003087026 -0.00044999123876444599 0.00182315304725986691 
0.00004953036976572028 -0.00029787239997462067 0.00129347720773921072 
0.00002360172632369142 -0.00013093012551975992 0.00084172434295894994 
0.00006945490755633220 -0.00033885138016241678 0.00145711221805571844 
0.00001702715981483027 -0.00012602724317180774 0.00099151822885703471 
0.00011366249676807525 -0.00055554453707344588 0.00195155011404777082 
0.00003835910349587930 -0.00024744880024566796 0.00144245401765948382 
0.00005856306169967053 -0.00031299597525511841 0.00141114895718771633 
0.00011866472156033539 -0.00058053698508907605 0.00192919776921979150 
0.00006677528993075322 -0.00032183181564900511 0.00132227330026940537 
0.00007164694237615327 -0.00031163017553402386 0.00096136006719624572 
0.00004431914281927627 -0.00025387990888333810 0.00117393428162980342 
0.00012017963600432764 -0.00055480549773908217 0.00165291325131198727 
0.00006367319216932869 -0.00031596573592814663 0.00120861746057733294 
0.00007871304343125464 -0.00037286872679931490 0.00132771913845703034 
0.00004824937206147212 -0.00023834622494145171 0.00109440377140809612 
0.00009703832229797786 -0.00044492117313919062 0.00150205264994470117 
0.00004730007119912637 -0.00025976116934686412 0.00127009480544062483 
0.00006836054960895248 -0.00036031921934480740 0.00152196441181031978 
0.00002963307926775953 -0.00016770730229049061 0.00101787081822534158 
0.00011778299248700934 -0.00056213431995477160 0.00188635147194787236 
0.00004589141373643983 -0.00024094550129466984 0.00119806031001360564 
0.00006911931555447472 -0.00035841087427506871 0.00167685776834855353 
0.00009010071901304223 -0.00043481219986595476 0.00174066573594982860 
0.00006484214004716537 -0.00034190565882751667 0.00163414937249772223 
0.00008068576438170614 -0.00040772956336588211 0.00182129324663866401 
0.00009031326913495064 -0.00045506400783748422 0.00198008254705798505 
0.00008901263826728821 -0.00043690876835861768 0.00200004045547119052 
0.00009704966404368591 -0.00050150960522177008 0.00220841063904566801 
0.00006662229825508610 -0.00035166810072250371 0.00177951146632550610 
0.00007465879591756576 -0.00041722299947321857 0.00220398236036734507 
0.00004868190735257994 -0.00030722287336571786 0.00194242933075093344 
0.00010711494096149612 -0.00060825885732885730 0.00294310754762638124 
0.00010073659894040729 -0.00048619655961799956 0.00210949406020701467 
0.00003849835581210562 -0.00025885526472887055 0.00165574311900089886 
0.00008871064592953632 -0.00046813813813854200 0.00197960776339189525 
0.00019473299630158253 -0.00087660992674950709 0.00287283001350426915 
0.00006280201528235946 -0.00036511956354795853 0.00186141691137162472 
0.00014793530797387600 -0.00068020420315377961 0.00225870985115137965 
0.00003684230575012213 -0.00024995537925461155 0.00138777977671553673 
0.00008848623654906983 -0.00044746889982071297 0.00179110932710088494 
0.00015355743850100942 -0.00068091369311144856 0.00199019905314093849 
0.00004752245014596052 -0.00026934380962906492 0.00149446745798501816 
0.00011413488814341432 -0.00055748769873633264 0.00196698305935655467 
0.00003628802092419303 -0.00023051562490427653 0.00134050119042388284 
0.00003939849288540671 -0.00024154874034855949 0.00139922479660416340 
0.00013293881323437636 -0.00060937116945480982 0.00206746385156760665 
0.00014384517051581921 -0.00066870298651833270 0.00221215703609186926 
0.00007917833192090434 -0.00039679212005971638 0.00159402521634541294 
0.00006905772343295838 -0.00034168879871173882 0.00138541016062576519 
0.00007898125015293642 -0.00045470490976849589 0.00215454567589243827 
0.00007066632994304363 -0.00031245483846134786 0.00115689129075143460 
0.00015973305941882897 -0.00073505063154063023 0.00256721433575660910 
0.00011035278867285309 -0.00054054570457708160 0.00195312647086983565 
0.00008013538736004444 -0.00041261557865708819 0.00179984418163096384 
0.00009298065206006085 -0.00046232417318292608 0.00183141433724144567 
0.00007680699308407470 -0.00042620996778911804 0.00193900598998024941 
0.00002441594109375248 -0.00020568528992858932 0.00154325339718460993 
0.00005574197096979111 -0.00030199728551056243 0.00156005231793043819 
0.00005031356162851966 -0.00029264317256773325 0.00150683596320968236 
0.00012445355124951067 -0.00056632727764877868 0.00188159221600934091 
0.00002080481142457060 -0.00015234328210173497 0.00121593583931165036 
0.00004738493222148637 -0.00031735752097642800 0.00162826477388806228 
0.00006122504133044887 -0.00032440385002599953 0.00157614696714783627 
0.00003220043693234894 -0.00019923718338179554 0.00108787109166745555 
0.00013466443342509562 -0.00060961036219879235 0.00188163571970660030 
0.00011920891831421191 -0.00058308875841012295 0.00228461320679410442 
0.00014604810488086487 -0.00071867546235326494 0.00262236283432272900 
0.00008227302574614423 -0.00041903765460357315 0.00171542780241028757 
0.00010819171284199920 -0.00048457990893351261 0.00160587276916154473 
0.00001897285046165269 -0.00014493521656492377 0.00100182274733791885 
0.00004929035623577338 -0.00026870324549732773 0.00139868030694086489 
0.00011319310932239479 -0.00053143889516398608 0.00173298418581487360 
0.00007739201937492660 -0.00048011671763456944 0.00219182351053519775 
0.00011233542080824643 -0.00063006603161501809 0.00294644115313092390 
0.00010782047542694405 -0.00057279958883614166 0.00232102692603940088 
0.00005845011391901014 -0.00037939036919020218 0.00172805006978557973 
0.00006105370232546748 -0.00032538520542762335 0.00150376551640727177 
0.00004110616617099248 -0.00025544563036655255 0.00157759649157235672 
0.00010066921610791072 -0.00051118749527073965 0.00200465110931196625 
0.00005805236757903528 -0.00030092518382375343 0.00144638551922682832 
0.00011277007655272520 -0.00055522336746884515 0.00203517554233452773 
0.00008641749422056116 -0.00047332504118383344 0.00206096646538779993 
0.00018358453403634204 -0.00085506704148420956 0.00295803658863327519 
0.00009637990870812519 -0.00048272945752627397 0.00185842726078110933 
0.00017351359467878156 -0.00083870952530921028 0.00307346990618500345 
0.00010457693253347352 -0.00049850334521041469 0.00202688388159814317 
0.00014869300542223979 -0.00072634991639855843 0.00247928102506365846 
0.00006388714735694164 -0.00039619952690406852 0.00209914314101346689 
0.00011168978864439108 -0.00056263599935050363 0.00219817173899751386 
0.00007200429530453438 -0.00037122748440422448 0.00171446900496749900 
0.00001186790323908120 -0.00015605571641827138 0.00141210724292768091 
0.00003438377207527416 -0.00022488938937663091 0.00152711953081618654 
0.00006461695992388878 -0.00038569563222449132 0.00196176479267527130 
0.00003916624216730879 -0.00028685377478433803 0.00183260344714515286 
0.00007152460688657626 -0.00037731367143595349 0.00184421709508493514 
0.00013365028379467601 -0.00068055919873462908 0.00258024405588429999 
0.00007628673645112549 -0.00041243237199916401 0.00194549071923361561 
0.00002204899981846525 -0.00013107543718071126 0.00120058547626716579 
0.00010231575766588355 -0.00055012089472904647 0.00246871719417238351 
0.00017139775645521083 -0.00078262147954618667 0.00268633102430382775 
0.00006579259010264678 -0.00036491221782493561 0.00162805854913697563 
0.00000576568312018907 -0.00013768037567559377 0.00154713796350708062 
0.00014954263689952087 -0.00070949635265448656 0.00272247357551202475 
0.00007447029875465575 -0.00039183990907925838 0.00188824518579666016 
0.00008062653048819155 -0.00041868454481888619 0.00193483873312744409 
0.00020045838614539955 -0.00093126941589839404 0.00311849395133758072 
0.00004427879932825810 -0.00035439726638074852 0.00216229776956672684 
0.00010241319759327834 -0.00053856948402563872 0.00252970106978405102 
0.00007850144257138468 -0.00041725285703961062 0.00210168458289662413 
0.00001470694262053744 -0.00013156749321829755 0.00127380302037660210 
0.00011017553602595554 -0.00058431932118645593 0.00271538017708539007 
0.00009455062469105899 -0.00045184656011405409 0.00185318497857994680 
0.00014295479587569525 -0.00067872491332336552 0.00267420678969163645 
0.00004447740234864172 -0.00029644624348369578 0.00196941894361436168 
0.00017296917128409187 -0.00087316443480236854 0.00335426220530397499 
0.00009406319757242982 -0.00046862415190357409 0.00225982635428579508 
0.00009114897295132475 -0.00050043490528659397 0.00254034127084463383 
0.00011182324501960618 -0.00060319585127428777 0.00284402029850005155 
0.00010228116332683547 -0.00054513710784416351 0.00259325145007217005 
0.00018307353018810139 -0.00084660070212348552 0.00308150699697906909 
0.00014506172667430202 -0.00070915917075289165 0.00291447365088845587 
0.00011321966281464845 -0.00055374046627424333 0.00238264892580396714 
0.00017656183631232299 -0.00084613010023563008 0.00317894145871549247 
0.00009947643306419421 -0.00051161608005804266 0.00237060169544302561 
0.00013703311129974229 -0.00067336851026028859 0.00261599845190479616 
0.00006969766289383904 -0.00037707951170739754 0.00190263999093629246 
0.00021596134223296742 -0.00102148866507603122 0.00338928428558132400 
0.00007414405245704644 -0.00041004873406508486 0.00214108132852764126 
0.00010211257141779114 -0.00052852833606788880 0.00233901176383235392 
0.00008567650595277650 -0.00049347421396367711 0.00229776562160941477 
0.00010623805219749541 -0.00053230222321373679 0.00220448110100130486 
0.00008123256979871923 -0.00043163190845781974 0.00198682308114652871 
0.00008994489708105585 -0.00050364644284075827 0.00233695317395720770 
0.00013083000155867031 -0.00066829086047083888 0.00280766495919082624 
0.00010002758733594023 -0.00054217252097310781 0.00245620903818834745 
0.00008242938566316104 -0.00044448094004543204 0.00215900585798686588 
0.00015031356610378398 -0.00066030685945558997 0.00230420641583995237 
0.00014033184167215994 -0.00063120904212777607 0.00215811403242934354 
0.00011901844717751087 -0.00058648894837599170 0.00238336151464801135 
0.00004526195097192889 -0.00035335863335574297 0.00239543203508483463 
0.00011562058588263102 -0.00057905546410508290 0.00256018162921596007 
0.00006123875054000780 -0.00040010811630029571 0.00233051203837908493 
0.00011885733726931647 -0.00057283818814501215 0.00232733274043885703 
0.00019815936792624706 -0.00097946206086083586 0.00379519484057756415 
0.00006748471866924109 -0.00041091490220277968 0.00215261056321296249 
0.00011250266358798318 -0.00060671353448801531 0.00271737322073981784 
0.00010672239812365924 -0.00055002230692832233 0.00252643569899362605 
0.00016245013815591389 -0.00079406795395865651 0.00310069465840203014 
0.00008225851148983604 -0.00046117431787812038 0.00258227428431343073 
0.00009239825150147285 -0.00045099989169274926 0.00211259863292673298 
0.00010258945461609042 -0.00053651093891932003 0.00246173398647550482 
0.00013318091672335532 -0.00063530436043305867 0.00254925143022041029 
0.00009833259612277630 -0.00052672033865551091 0.00260162598625257894 
0.00008219738137326104 -0.00044933576483129143 0.00228967876323383536 
0.00006654633563394911 -0.00036019895949366740 0.00212484857187797719 
0.00005820547068691295 -0.00035488187202369873 0.00197431452580515334 
-0.00000133405990490758 -0.00010360806892975236 0.00165901836517453618 
0.00007069470541009668 -0.00035302571259495698 0.00187727279802256375 
0.00015084383052611010 -0.00073692338293303945 0.00285930611717531789 
0.00006595725847087644 -0.00039862992209765990 0.00222368149280628832 
0.00005665943612908085 -0.00040225654989614200 0.00248761422378249728 
0.00009479072235525494 -0.00048053037704819882 0.00221799309381086069 
0.00008632054074619828 -0.00051871055967975352 0.00277722628416889744 
0.00006320378998668507 -0.00035723646030671216 0.00198746732280982502 
0.00013596636874172721 -0.00065309724879403230 0.00276815995084240488 
0.00006666488801779856 -0.00042231075627407089 0.00244375806190262612 
0.00009126159226686259 -0.00051600932713273138 0.00257473288058580755 
0.00006387978548589671 -0.00039408111771316908 0.00236152733870931492 
0.00019351410726977633 -0.00092011654871543324 0.00349846121989560522 
-0.00000412948941089228 -0.00010713591325232149 0.00173477279864340151 
0.00013672892014574342 -0.00068137312245834304 0.00281389272694241655 
0.00015312577564207918 -0.00080390802361620642 0.00352549110281163373 
0.00014128824597035145 -0.00068410144975801219 0.00279574911838435239 
0.00012849743337448464 -0.00064173938762903185 0.00277449226972396575 
0.00014947831495794179 -0.00076730142999884964 0.00336756551917915788 
0.00004691116677174597 -0.00029892856772484452 0.00190507761670228020 
0.00011689778633360912 -0.00059063095750144714 0.00277278270761295012 
0.00004999156072405230 -0.00031941744848458758 0.00201147672026669253 
0.00008936132613205348 -0.00048067379129838276 0.00247638409184406608 
0.00006277454835646912 -0.00035887106768921488 0.00212684422431070989 
0.00012972064499888140 -0.00069252209051251100 0.00317416360836999612 
0.00009162500315084413 -0.00045398344248897171 0.00223960722695358549 
0.00012004655847651846 -0.00063695820361435299 0.00298958627238727530 
0.00007532219513646429 -0.00047871808964120618 0.00263459875424733097 
0.00013081326894411180 -0.00064838003056782198 0.00276346718661996636 
0.00012797460176265752 -0.00063302501853810167 0.00279790645764357426 
0.00007221815083659195 -0.00042134824771563662 0.00248653944955025798 
0.00009799197670632320 -0.00053828310353666586 0.00259333670032943974 
0.00002900145141527025 -0.00029428638588460958 0.00245475083164459077 
0.00000753446599566050 -0.00015190176469158172 0.00170273659306056880 
0.00012261995922033405 -0.00064519162876224229 0.00315435436842979562 
0.00006986534171893370 -0.00039350595946214585 0.00232755337689131807 
0.00013321765898955908 -0.00068975548457170222 0.00306809075340335911 
0.00013477348273287858 -0.00065864429492761185 0.00269206770422094266 
0.00016566391620590067 -0.00082208911954523235 0.00339039140747325780 
0.00005796702339366084 -0.00038344871742340431 0.00254476267181841980 
0.00008985269606534972 -0.00052107535822151264 0.00284897837769380272 
0.00010831765634182632 -0.00057414761671366191 0.00288385020656081389 
0.00004269205008118648 -0.00031333359538996926 0.00265395962213080825 
0.00008347715014181216 -0.00044735435157536026 0.00228305383511819091 
0.00012757313007408157 -0.00062002267836356402 0.00283008271493332330 
0.00014268993509351856 -0.00070521947286393929 0.00315325760323612297 
0.00019549469131189561 -0.00090291290853648158 0.00330593258522463452 
0.00013566553669054561 -0.00064504801160756436 0.00285124272530886107 
0.00006242648708746382 -0.00037273349309885394 0.00219040271750846251 
0.00007334542050172388 -0.00042739065552540277 0.00247986045970488914 
0.00007089022903918976 -0.00040313815841796401 0.00238687397777853898 
0.00014727883248080069 -0.00075736459730480388 0.00331627280338330941 
0.00010253540691481037 -0.00054469755415415227 0.00281781913068394679 
0.00014293124566365671 -0.00074116460051620772 0.00322256579500471369 
0.00005774026731396450 -0.00035715655667779324 0.00234535670370299197 
0.00010779383607524489 -0.00058825709402018651 0.00293814010325257240 
0.00007804938170017978 -0.00043170621025924200 0.00266427006807498472 
0.00022067167925247304 -0.00107380473303834794 0.00393600117505875369 
0.00010385150247451880 -0.00055857782551105436 0.00291281236057840945 
0.00006482422402279619 -0.00039513069612571398 0.00252169505397673976 
0.00008174916373527018 -0.00048169445082087581 0.00277933859337095232 
0.00014875049554338618 -0.00073826897105531226 0.00308387253449334594 
0.00005322046864147749 -0.00036740409599055263 0.00256954902910309013 
0.00008773530187979010 -0.00052534036529041240 0.00291736593386328130 
0.00004970803039265137 -0.00038423125062446168 0.00282996478859700402 
0.00006237257025900304 -0.00036879438762048224 0.00263930907799187365 
0.00005106364169556936 -0.00032294271495421161 0.00246974353218426361 
0.00002793158602596487 -0.00028876604558385568 0.00281370938428843502 
0.00011322049181482246 -0.00059433920146946084 0.00303937836606608469 
0.00001104605422623517 -0.00022527651345141480 0.00252240137913995301 
0.00011886311767342702 -0.00064552726347424493 0.00349777002954424800 
0.00012868148081493323 -0.00064413521626191614 0.00302412678798574417 
0.00009299850591951115 -0.00052233935235841472 0.00310602966136497424 
0.00015270055836682500 -0.00078928608535416410 0.00363528993291528397 
0.00012486756798202060 -0.00062941105777419848 0.00313279223431686855 
0.00004589721781841008 -0.00031956271472505314 0.00264732899948276349 
0.00005763832492226742 -0.00039240017681332266 0.00293173411557788198 
0.00012521720257580797 -0.00068403063019066817 0.00357076982372509693 
0.00009735865883776616 -0.00057009722242777985 0.00359755424084356405 
0.00014986634393222422 -0.00075049560136090834 0.00348122667837393908 
0.00008580898277425056 -0.00048887951454352823 0.00305303948976318098 
0.00004798156240455874 -0.00032137896958945840 0.00282031609944348926 
0.00007830369056328789 -0.00044344560872634981 0.00294715757288020047 
0.00009570675395586135 -0.00051249783948161399 0.00277430209795759015 
0.00009318161521490757 -0.00055310433489669762 0.00334192755908319442 
0.00013438729014766596 -0.00071877502794589251 0.00363839684081550957 
0.00013965734424294945 -0.00068552110910588223 0.00358057045430603630 
0.00015485113267236960 -0.00080346086692330689 0.00368925205090161502 
0.00010174476499979785 -0.00061127710440708749 0.00354994049785878991 
0.00010616937191677443 -0.00059817371783071687 0.00322320162361306286 
0.00013690201631577352 -0.00072874341047155097 0.00359773621495538490 
0.00004934700375986919 -0.00036428137433382299 0.00278678065859217644 
0.00013644897953721485 -0.00071792386884249695 0.00373590327981708926 
0.00011840727353924557 -0.00066731435836096635 0.00371533013320559475 
-0.00000768225625459947 -0.00012243162638161920 0.00243481468206824562 
0.00005474571517556198 -0.00034763294984539511 0.00272785340651179008 
0.00003294286080025507 -0.00029063586830422867 0.00276547324954871205 
0.00008344505229850290 -0.00049484247293306457 0.00314616574597327298 
0.00007317476149995610 -0.00047419782553408314 0.00338851174761843968 
0.00005710918443161984 -0.00038051172571077732 0.00279633532294876631 
0.00006261690679262665 -0.00042812988261837397 0.00330743598272419852 
0.00009588698182127825 -0.00056287633785364146 0.00344232707479656674 
0.00012853588596494349 -0.00070414793656844716 0.00383224364972240472 
0.00006063204732159139 -0.00042184247372841236 0.00318288441301182263 
0.00009597538733645663 -0.00053890867477836475 0.00328719394228513739 
0.00007988425147230702 -0.00051765718699278511 0.00338741592927281794 
0.00009678162841123607 -0.00054736397883482801 0.00341053202344643574 
0.00010696389294209669 -0.00059577775253596543 0.00363182924905369828 
0.00010065304834527242 -0.00056401640280105757 0.00352726446546338789 
0.00003456027695568782 -0.00030853499038477447 0.00309464232327572681 
0.00008714308837192846 -0.00052572212695049282 0.00355505423034293676 
0.00007205355187537915 -0.00045911730400995956 0.00339652990088801622 
0.00005175919415512212 -0.00038598944538991526 0.00336142325483946777 
0.00001947528343267406 -0.00020767747711260818 0.00269702410987308775 
0.00009959854285222769 -0.00058502101385264215 0.00362620269081423332 
0.00008259758627249025 -0.00050696360561643962 0.00347228205096387606 
0.00011840492889594200 -0.00063319859511220601 0.00372696241352366139 
0.00015931436400259085 -0.00081284387382174342 0.00418756567348944203 
0.00010575037708123120 -0.00058010207094202036 0.00362517831659679973 
0.00001510257454101049 -0.00019511982454596048 0.00298138510739781506 
0.00013021009023563479 -0.00070652390017569345 0.00411835232238392558 
0.00011688845636061184 -0.00062650049911477327 0.00372889254575758076 
0.00009368422396114061 -0.00051713801423456220 0.00327321761379320737 
0.00016939270819834679 -0.00084715009737189491 0.00425345325076001250 
0.00010617881734441823 -0.00063374972586293624 0.00397422756698567574 
0.00012225001504726846 -0.00068878047947834283 0.00422411509946101632 
0.00002538243580733391 -0.00027522084650414896 0.00320645272684986094 
0.00014392752815110734 -0.00071996950190013082 0.00378840589497116652 
0.00006113462252785827 -0.00044049519927801288 0.00365633793969737716 
0.00010077306678388297 -0.00056397406005513498 0.00379986046198346750 
0.00010581891535214107 -0.00064242855083722003 0.00405393259860807077 
0.00009363600407023967 -0.00053224918091624904 0.00384504435432008601 
0.00010733951217263565 -0.00063405094956712820 0.00416297320093078453 
0.00006915603188986397 -0.00045627646565649387 0.00381598233340190492 
0.00007868587521849322 -0.00046681238184314330 0.00339513376296704311 
0.00010558213755516572 -0.00061390469642972787 0.00398922205268036761 
0.00016362423820449461 -0.00081156493029420243 0.00443295827404792311 
0.00014377696749890773 -0.00074177893779065959 0.00426446652082978703 
0.00011835930993959608 -0.00066343431729273513 0.00393838563592472518 
0.00006040379331359521 -0.00046128501245215094 0.00415277532247579351 
0.00006014511499185626 -0.00045751935382631545 0.00386718249163096276 
0.00008762156263960713 -0.00051807436490271795 0.00398495940546124416 
0.00008060011487389491 -0.00050131829655041416 0.00379563466849550417 
0.00001800282667565131 -0.00023174220374799596 0.00350812096946286935 
0.00005622188564067187 -0.00040406962152712573 0.00363810032650245833 
0.00003954839137218090 -0.00033779656957894978 0.00364868372394837673 
0.00008408593088192359 -0.00051506128238431475 0.00389577186041274942 
0.00006448686168301698 -0.00043098345082154157 0.00407631044995111075 
0.00012782927373068486 -0.00071655937861451850 0.00456621015293735139 
0.00009123629779289252 -0.00051491195343097073 0.00390382102865678877 
0.00012054394968037972 -0.00069017027177067296 0.00443413002014388016 
0.00012242256187195940 -0.00065130065217274707 0.00429520766120085763 
0.00007587761782967812 -0.00045664870140474248 0.00361581882203331579 
0.00006929829081657246 -0.00046193168012426014 0.00411910409286385133 
0.00004651665797343775 -0.00036551170531014319 0.00387102527688498472 
0.00005683333843515848 -0.00042305211841120959 0.00414322338822700059 
0.00014417295402709498 -0.00077971745641428709 0.00467043713986751464 
0.00002429512252284395 -0.00025639093137671274 0.00355157794765917486 
0.00008032863168661004 -0.00048777979058249881 0.00402123442104960430 
0.00004242309410506265 -0.00030068698228427225 0.00364323194596392116 
0.00011841274210639660 -0.00065844047742783874 0.00438994325026558548 
0.00000212762889609995 -0.00015177485495968630 0.00349963524162028332 
0.00004087065011341225 -0.00035948183206146295 0.00396114461217486787 
-0.00001112885775882621 -0.00011760475761261532 0.00342087243176294326 
0.00006724714272404980 -0.00045513393377150904 0.00409388575962941082 
0.00008250360115245631 -0.00054456121857009566 0.00455794838582578715 
0.00005839235163070127 -0.00042084593627428682 0.00415063579992210746 
0.00009407898316224372 -0.00054405227508692714 0.00447751420406732308 
0.00005228183936835872 -0.00040400362020742708 0.00392392741549607831 
0.00004250438309598518 -0.00032778481149563308 0.00403133504317797296 
0.00009251742006899648 -0.00054879672229699765 0.00432802680570320512 
0.00006363517587043094 -0.00045546975224261001 0.00457470096870447179 
0.00001160667541062857 -0.00021524336489740000 0.00376264245025633055 
0.00004143105987974833 -0.00033862698843511313 0.00412317738425538836 
0.00004110790126942072 -0.00036011799999823664 0.00418335880726624157 
0.00002315044109201485 -0.00028991679430031571 0.00425269356904137748 
-0.00002509722805505137 -0.00004783667520561483 0.00339171669698118969 
0.00000062040233510138 -0.00015553284389374145 0.00373267624799200832 
0.00013326507108619686 -0.00071755625480719319 0.00478431634320053336 
0.00003113294597515803 -0.00026525574148413412 0.00385087692093545120 
0.00004848070889533040 -0.00040324544948126904 0.00436596908838175930 
-0.00004853347354558465 0.00009164111295278639 0.00331293641144914282 
0.00010425535915491131 -0.00061137523040393914 0.00487593549612385779 
0.00002066245688075151 -0.00027753331618148675 0.00438539467090406053 
0.00007282191628472609 -0.00046500348843258286 0.00430351454405907344 
0.00004166162204788235 -0.00028649080514286029 0.00382999879597138672 
0.00003814789890542334 -0.00026820415252003780 0.00391818773779679941 
-0.00000734100572324199 -0.00008757604536336391 0.00363448849469825454 
0.00004381116099801184 -0.00037926445999904887 0.00467556042294724368 
-0.00002302571449024613 -0.00004904304768916113 0.00380967232059130616 
0.00001567200428704120 -0.00021388905845371375 0.00413940179655951628 
0.00002438191021922478 -0.00026200221162084379 0.00416086708804824963 
0.00001736963207449397 -0.00020664630618808032 0.00384055897992951079 
0.00001800925051044202 -0.00021069578241871521 0.00400021784756836654 
0.00006026552637797814 -0.00041556624355900199 0.00443635546155241641 
-0.00005390610811276228 0.00006049053107365647 0.00360783485632094371 
0.00002474738359523212 -0.00028756590865909029 0.00429567150807019359 
0.00000907787372540574 -0.00015822041608209861 0.00407273724290219998 
0.00006529379162653669 -0.00041671434669075802 0.00454795412453060099 
0.00004178785442238522 -0.00034858589164236389 0.00471944488655741574 
0.00003497511764961626 -0.00033258518674675179 0.00452187337886365229 
-0.00000223909987155148 -0.00011465405471327780 0.00387351115594897124 
-0.00004809337990295277 0.00004398079758447014 0.00381301809426574413 
0.00001401324163470091 -0.00021908114036687512 0.00441070278628399089 
0.00007652437337260634 -0.00046129725903112039 0.00473524646769171546 
0.00003425067875602756 -0.00024237775510292680 0.00424247556213684218 
0.00003127166488700714 -0.00027391242068402263 0.00442264951579552507 
0.00004193618128027574 -0.00030695301558597956 0.00465530114370927249 
-0.00000234794345694916 -0.00015409989805382097 0.00431052368697966946 
0.00004735799287218647 -0.00033337828755470103 0.00482427058777302326 
-0.00001257128407898550 -0.00006963093225225260 0.00392356370890783925 
-0.00004752256399554285 0.00009260027729271893 0.00367787941905581978 
0.00005126236128821327 -0.00034898864571455512 0.00448467050776472486 
-0.00005951404908007029 0.00014287586871606392 0.00366523976926800069 
0.00000186790944862092 -0.00017879204865695140 0.00430906784037032430 
-0.00006220440100892941 0.00015825853111485033 0.00364892999631451220 
0.00006224082705292390 -0.00039611836516920368 0.00480083011392888094 
-0.00007256722334106130 0.00021502297367351989 0.00343254373786285212 
0.00000470092984641488 -0.00015622641443158039 0.00441825723179239439 
-0.00008960229100312902 0.00029394553076515523 0.00369444119844359415 
-0.00000838676945567256 -0.00011705263408729990 0.00437105671901470618 
-0.00002224878661554884 -0.00002550782302534940 0.00434682534049088756 
-0.00004840149791881057 0.00006946349561070706 0.00402278118748425253 
-0.00009896340768164775 0.00029607148671460652 0.00351586251389353430 
-0.00002711420945249805 -0.00003272795883230194 0.00423163133685428624 
-0.00009022877964568230 0.00028031304687954769 0.00341696185793936760 
0.00000441621729186683 -0.00017215595440034284 0.00439729758689718763 
-0.00007793388879771162 0.00025888706860205889 0.00364686898918825490 
0.00000282081122526909 -0.00014243455653292336 0.00443203154582606437 
-0.00005902496824517845 0.00014422669375534517 0.00407273121473797177 
-0.00001677874797050374 -0.00007878503264837191 0.00446467698187887063 
-0.00002674573743311078 0.00000387832988818244 0.00439807555727899507 
-0.00002907812405802143 -0.00001273011348876035 0.00448791342627960586 
-0.00011287241536460222 0.00044194962303971451 0.00315646479411000941 
-0.00002905238187704432 -0.00000042258973384154 0.00436643856334479295 
-0.00007743304611915110 0.00024257542801725150 0.00388832962271836759 
-0.00009733061200971929 0.00028245200219400722 0.00363467093871623105 
-0.00012162458555380523 0.00044083119837278134 0.00354487569418207669 
-0.00001127913588514851 -0.00006582373906230182 0.00444240606502729288 
-0.00010568137393102671 0.00039768631500232778 0.00352856925890981596 
-0.00005055524257499794 0.00008022263792973683 0.00433331505442311957 
-0.00010178301508244846 0.00036801174653695650 0.00371242381948667455 
0.00000244266907422795 -0.00015197264773710202 0.00500578521999110997 
-0.00010903977681266325 0.00042974044421987059 0.00343836794120413406 
-0.00007046537582914246 0.00018943735189984540 0.00401899789957166007 
-0.00007600617260079703 0.00027769526673800116 0.00387013045774407382 
-0.00006644515325502894 0.00018450116481706202 0.00416283723427296384 
-0.00011957103890089022 0.00049021755545223611 0.00330548218218248892 
0.00001671804801781237 -0.00018054034563552181 0.00501165091729204124 
-0.00007811653134961116 0.00028239119562190572 0.00403854488330505999 
-0.00003918839056371018 0.00006417886899599129 0.00454579306239800973 
-0.00020573330443130470 0.00080095013093271013 0.00281523781448326290 
-0.00004077321916931033 0.00003737621801060175 0.00476618685914010926 
-0.00008026971682978303 0.00031562882200086980 0.00379927107606354078 
-0.00009340283205133020 0.00028301116008755574 0.00424983705883936677 
-0.00015472210896259973 0.00061727323880052557 0.00324965124955044551 
-0.00018527094181693333 0.00066339156099138848 0.00346656308842092746 
-0.00014258799003632799 0.00058773822422034452 0.00338241377261260705 
-0.00016737285856339756 0.00068208774409648154 0.00337001337506268820 
-0.00011464359622767925 0.00050493136079493225 0.00363069893539552831 
-0.00007095188211588281 0.00022571916084608004 0.00442524446490986240 
-0.00013712446756672993 0.00053807737480012722 0.00370248237382408626 
-0.00005458546819226415 0.00019722327781014929 0.00431754737653706599 
-0.00016984651108736397 0.00070933759368787923 0.00321565556624863131 
-0.00011586603124065455 0.00042181461020980885 0.00397667877990365813 
-0.00015336262360950002 0.00060420449494523942 0.00369460511074020661 
-0.00010836886516834437 0.00039117723410667885 0.00421689912875190288 
-0.00013913538332373921 0.00059466386767648778 0.00345908160586566940 
-0.00013616855074906684 0.00052280163867091242 0.00379466543279467251 
-0.00019743946080775300 0.00084843240345908980 0.00287470784304007416 
-0.00003667277454093016 0.00009195923945119365 0.00463396675037142970 
-0.00010559231254489350 0.00043922631102057954 0.00392646347382469892 
-0.00013226398293196865 0.00054546478380795241 0.00377705160734868655 
-0.00018756083037013455 0.00083247347169116163 0.00301337973060434357 
-0.00016192755980159784 0.00062523609774261168 0.00382288681894014590 
-0.00019432209022447641 0.00085288662191662125 0.00306757521232577058 
-0.00012841370248593636 0.00048073351420718216 0.00422105615350154735 
-0.00023050584794606551 0.00100346335332153480 0.00301576485838489679 
-0.00013193680928597323 0.00053475868149459446 0.00394468083759626741 
-0.00017634900968448251 0.00079606692691787904 0.00347081820320706280 
-0.00011329588930170922 0.00046416330343882059 0.00416400308005206166 
-0.00018608225216295291 0.00086263045886485461 0.00306988552157468151 
-0.00012513068808653522 0.00050793809605141670 0.00417292719140694400 
-0.00020923887673670054 0.00092078810517834983 0.00298967683297261810 
-0.00013740985248629522 0.00055871797110662287 0.00411292640008279094 
-0.00018683049821014255 0.00087175501435802008 0.00317456754042237882 
-0.00021209346015299693 0.00090968940669297832 0.00330651393504570977 
-0.00020378345262867534 0.00100662115252463081 0.00294919479816535329 
-0.00017060914268169735 0.00074778818156595595 0.00362358337404392657 
-0.00021679752050525914 0.00100779921045233219 0.00300222293179199179 
-0.00020042633109805915 0.00090514545530591623 0.00332886127036088452 
-0.00026107671849933778 0.00118971693322726798 0.00270848796330101869 
-0.00017699338900310725 0.00080113299589239196 0.00359156548883145070 
-0.00018397933917238329 0.00085877904037203519 0.00344117949684595147 
-0.00025534678432790909 0.00108627477411385931 0.00324983503166017575 
-0.00026337099138688889 0.00123574342185651053 0.00246567261141412801 
-0.00022602076621639551 0.00103789734067360508 0.00299127448713342250 
-0.00020547863120252773 0.00100718340736125783 0.00290038948594737150 
-0.00019699243453277782 0.00089954133884828820 0.00344623854440732642 
-0.00024506162030545352 0.00120442647362857362 0.00254853661541615392 
-0.00021173879902524440 0.00097669674558993787 0.00318335310530268919 
-0.00027934284642461309 0.00134856744581690938 0.00238274460634816873 
-0.00023332652214537073 0.00108157484646768227 0.00302131778265646040 
-0.00028177508321324023 0.00132089571165178773 0.00266954710634331738 
-0.00020956001587875455 0.00096188140961254998 0.00354086259206494273 
-0.00023430590556229087 0.00119251004566508405 0.00272133066456113843 
-0.00023009969973106638 0.00104148045682277797 0.00330126879721909586 
-0.00027046769720487070 0.00139867571320125613 0.00195802044052519183 
-0.00020218786486298791 0.00091160073530463645 0.00389274227587525085 
-0.00023454256735399535 0.00119278205316707348 0.00283473719564204026 
-0.00022921909941253844 0.00112013932146221387 0.00294209283330636780 
-0.00031514909816842540 0.00157739370823086400 0.00194414205971048053 
-0.00027179220750828440 0.00126535068536445046 0.00292634109964261258 
-0.00031798085359096895 0.00154843149405688662 0.00199732766747913633 
-0.00026041599240643996 0.00124089737605655604 0.00282794729442992178 
-0.00027486290749390409 0.00145191540929195018 0.00203367869649902482 
-0.00025380135453440645 0.00121788747744538224 0.00299715856505258262 
-0.00036654349102712162 0.00181429474260498113 0.00130896489087963040 
-0.00026241794380491430 0.00124656003642706781 0.00328304672872118796 
-0.00028530469420515571 0.00151950349548666251 0.00200752250218709646 
-0.00025105482256204334 0.00120231291572356390 0.00318086496544886955 
-0.00036428175414853333 0.00182027540900026215 0.00149126295327992498 
-0.00026746555357765403 0.00129583710557360692 0.00307109144403130106 
-0.00026522638792927559 0.00146112689151232478 0.00207706670237797937 
-0.00033519939510484457 0.00161320849080052336 0.00229003865056260194 
-0.00032332302866047496 0.00176885950870992706 0.00131405758397970572 
-0.00028604221004957731 0.00141640786921121034 0.00266635116893290235 
-0.00042183086324084441 0.00211584404005830777 0.00096919132448871313 
-0.00032747502445184759 0.00158319518525075302 0.00246852860389003368 
-0.00030473594864791672 0.00163909362523902624 0.00198928036820736950 
-0.00025045736871068632 0.00130813345630876438 0.00286072206152057727 
-0.00035431816622484645 0.00184455553977077615 0.00150228106717858784 
-0.00028755774360781321 0.00148753878526069138 0.00247910002956637813 
-0.00028162454505673251 0.00161889700191949039 0.00170296360659019110 
-0.00028762624977988495 0.00148331431064454428 0.00267248173661263763 
-0.00031276640656528515 0.00170308411051117627 0.00166708907979507470 
-0.00029264077201557803 0.00149312608376867906 0.00268640954423800087 
-0.00036723163582566120 0.00192497039672666478 0.00135688704382163142 
-0.00030882985572240683 0.00157938695713074435 0.00252319589244987073 
-0.00035098195071764165 0.00190207941937588785 0.00150306207053529668 
-0.00032272531213749510 0.00163655243836944913 0.00244307229383099525 
-0.00036673418041044913 0.00195985513396266641 0.00130073689991320801 
-0.00031908693098408990 0.00169372535480837331 0.00233948465637546761 
-0.00039563866675361952 0.00206863345659115405 0.00101290819297364517 
-0.00029414574455461907 0.00156871082462671290 0.00259500433924634254 
-0.00038852634647160432 0.00207351527838702150 0.00112196971114549037 
-0.00032413343615953156 0.00168662566044086712 0.00257396257279529509 
-0.00038127936959154909 0.00203845383679870842 0.00124222396933637894 
-0.00040277328155894081 0.00205184336407978653 0.00162014852387100871 
-0.00041885420430958631 0.00223423344738739533 0.00090714586794164048 
-0.00031457488115141738 0.00162820821858855364 0.00282544324111588113 
-0.00037273446628625180 0.00207180866317815135 0.00116476365003436626 
-0.00036759871152099415 0.00190753102850167917 0.00200082897771007876 
-0.00038684224084646813 0.00209231126874720192 0.00115290446521626303 
-0.00035431697991643074 0.00181008284425993407 0.00238625715145171545 
-0.00034946758851653331 0.00196418757985030020 0.00132882184150787119 
-0.00033560838554606804 0.00175691619926082775 0.00249110137318435832 
-0.00041456592322109103 0.00224314395078396411 0.00081562792411979108 
-0.00033357160260042519 0.00172716152231304422 0.00266725935312312401 
-0.00040372253381090539 0.00223357825910574289 0.00093002930110831208 
-0.00034636731449624853 0.00182269788375343813 0.00207307667944959303 
-0.00042377840596312231 0.00217312655102557158 0.00151416521553469777 
-0.00037261338212242592 0.00211173167052071831 0.00112231163839132024 
-0.00037025683645003246 0.00203169287052170277 0.00154205198135483768 
-0.00040499114835822279 0.00225393621017673171 0.00087014992250379749 
-0.00035739051724328078 0.00191093667804747625 0.00186717473367717076 
-0.00038289481720845992 0.00218772718761639636 0.00095179989528725050 
-0.00037604934998703289 0.00200158482092787585 0.00187629763228607535 
-0.00042779068401162511 0.00235296030954471481 0.00079726246190328599 
-0.00035159352762540586 0.00194224824012636144 0.00198345689644742430 
-0.00043907058837876103 0.00243403875826050855 0.00046251679988125937 
-0.00043748991162763693 0.00227380258751549297 0.00153684862332230778 
-0.00043404557109655799 0.00238009909759331461 0.00082116033104686422 
-0.00037752454904037747 0.00199915769956194277 0.00224992881698953722 
-0.00041206432240579105 0.00229069041655370446 0.00105431654393144483 
-0.00040357321538458946 0.00219780077212160772 0.00151117180095271123 
-0.00042390941615496090 0.00236739932197342108 0.00097268752799237147 
-0.00044137381283998532 0.00234118085669698852 0.00131958417822938866 
-0.00041902652677075443 0.00238396964044893401 0.00071527910441167818 
-0.00043418287355023966 0.00230914650770945237 0.00146866090532921404 
-0.00038084384191820839 0.00226044842331856767 0.00094853665653883007 
-0.00032957209846021316 0.00191192832472172241 0.00207277095513391709 
-0.00042021623140389523 0.00247676085172210750 0.00041429044504305871 
-0.00043635613831015976 0.00232903682094385460 0.00164187647592068699 
-0.00042638971503376017 0.00244935739558169163 0.00064381051539290661 
-0.00040082749805738269 0.00217017326911118739 0.00184894970664856422 
-0.00045875886864852309 0.00256095486175596633 0.00068426771051540184 
-0.00042959223793784940 0.00228793360784211326 0.00171981803519959554 
-0.00044154115837955886 0.00252441831092821683 0.00062373893789598091 
-0.00039492627055164335 0.00219524001587826333 0.00193577900420199411 
-0.00042004989046921229 0.00249794891186045850 0.00067174038396513236 
-0.00046135225352892203 0.00245962264436204404 0.00138584991185945056 
-0.00035932605432703103 0.00224329665980472527 0.00097264189527310717 
-0.00051349507920716198 0.00268357831818871219 0.00081655153099245400 
-0.00043370098983525930 0.00256245108693708068 0.00033621239633210517 
-0.00041776796507821140 0.00233524661341246061 0.00134506804846904653 
-0.00042000524827284606 0.00253418912429423642 0.00053379054170730198 
-0.00048606189029084997 0.00262238608600523070 0.00113892244021606640 
-0.00046433700601022161 0.00269709833263015973 0.00006526896062558976 
-0.00040072867504858348 0.00229467412629672397 0.00163485074074634596 
-0.00046597387729285886 0.00273383150813252297 0.00020104364897664860 
-0.00041268030935644401 0.00233513319055308425 0.00164523189015654617 
-0.00039449650513684922 0.00247690382816482570 0.00060800671925137929 
-0.00048471384520357722 0.00267792055767963454 0.00093948753954554423 
-0.00047957634466267135 0.00287764148114280855 -0.00022249894802690092 
-0.00044918984430160932 0.00249148062915669063 0.00140208510107918231 
-0.00048800499842029891 0.00289314391985928503 -0.00024721415098163165 
-0.00052185063260319360 0.00281015578702459648 0.00100405787868210151 
-0.00053789539929652329 0.00309021580926286104 -0.00043702291257462157 
-0.00049984274743679444 0.00275847355350118499 0.00072216188867227794 
-0.00044169240004414130 0.00273140388342240715 0.00023275470567940808 
-0.00047245832710662139 0.00262098256145600452 0.00106788083784669285 
-0.00049360312440722227 0.00295239801387220824 -0.00024816731163802776 
-0.00049871807116277727 0.00277160890732919794 0.00086883774975395848 
-0.00046810822496636028 0.00289780014010637948 -0.00027435595977427850 
-0.00044013602113042634 0.00256938739530034738 0.00106045537772081477 
-0.00050670869012951259 0.00306331906964901540 -0.00059321284049978140 
-0.00047055571269878388 0.00269228196854772069 0.00127820665278901430 
-0.00050621040090061500 0.00303769954684444000 -0.00042139627601386724 
-0.00047175140076485307 0.00281207517984012091 0.00045040950903749372 
-0.00047564612144578662 0.00296869934568029081 -0.00057284038048212825 
-0.00046922329283212894 0.00277813625701183505 0.00058987524005835439 
-0.00052123072480594901 0.00310979887465473188 -0.00037413965088703362 
-0.00051651485240794765 0.00299648157976490324 0.00019726035640269717 
-0.00052092854179815098 0.00314947716311857282 -0.00050413473277951854 
-0.00043692372680019954 0.00271476349002260087 0.00045045651399496563 
-0.00054440540812543186 0.00328323038636987473 -0.00089247624550410089 
-0.00048591499598360461 0.00292093900861875675 0.00040974880990252279 
-0.00050802562906915891 0.00318308233373747413 -0.00080661068273639685 
-0.00047521367090094905 0.00294911153313356846 0.00010937559368095302 
-0.00047984183797677613 0.00309529221867098836 -0.00057758322095625742 
-0.00046891631786742058 0.00286098691772933809 0.00064527758689304337 
-0.00044260891284434963 0.00298988094869548880 -0.00040614225529808038 
-0.00050226401023575852 0.00305358228541503275 -0.00017009895728697000 
-0.00055223005599456209 0.00349043269189534214 -0.00168154105383782997 
-0.00055456840076149026 0.00327689074627821909 -0.00039476541538416613 
-0.00050229162058702782 0.00328413290826024516 -0.00128934419826052670 
-0.00055323374975248718 0.00325329606820654819 -0.00013292803447500102 
-0.00053306334165257642 0.00341889232794442095 -0.00139375707734437507 
-0.00048108384282057048 0.00306332667339421789 -0.00011638790342703405 
-0.00053715461204367581 0.00346943619179655586 -0.00149679693227896984 
-0.00045539270095803326 0.00294288610942313421 0.00037746316024886298 
-0.00053987850589921351 0.00345158388569414415 -0.00137376433518943608 
-0.00049434306633419514 0.00313617933287639161 -0.00025760953625965041 
-0.00046359608641979779 0.00325303178967090330 -0.00126639187669173869 
-0.00053198681995287906 0.00325695330899413880 -0.00028770726888282215 
-0.00052300366378471152 0.00349624543592075548 -0.00150909090989936379 
-0.00050452954639765811 0.00322977983904497055 -0.00039064186273820678 
-0.00050555502476747202 0.00338381722519957200 -0.00146980740619361743 
-0.00055515979020544551 0.00345156993297242700 -0.00090908377143139119 
-0.00048615657295349971 0.00338626253221084713 -0.00160059135856192316 
-0.00055612363419834158 0.00345878432101021961 -0.00081130598163431876 
-0.00048708837245682157 0.00340640450185317276 -0.00166698400314317131 
-0.00052428552634401350 0.00335570343816414670 -0.00084824576689094752 
-0.00047470057130987722 0.00338669519558004077 -0.00151434786840627536 
-0.00055609593855293973 0.00350994359531612947 -0.00106859575881214862 
-0.00054487050369825154 0.00365309922996074178 -0.00197369610477994388 
-0.00052774921378209347 0.00341442695647273860 -0.00089246598661681760 
-0.00051058634377016321 0.00353707459251452168 -0.00193749453803426439 
-0.00053644903359681146 0.00350851643137275321 -0.00129204484704000520 
-0.00052475021373928836 0.00370038974726168059 -0.00247772329114309816 
-0.00048206045166541750 0.00328410692495166535 -0.00072547023282667567 
-0.00047074341947502511 0.00349551262832999751 -0.00206098389453176784 
-0.00051947227838235860 0.00345929187280237700 -0.00111396171122533764 
-0.00046752857545487536 0.00358443872098281133 -0.00257631868307670302 
-0.00051832038666263817 0.00349037259607561491 -0.00118538166253993925 
-0.00050937762900342073 0.00368604101573561521 -0.00218494474391591267 
-0.00051512313895407820 0.00355909805275940244 -0.00143439918011263709 
-0.00049034979726614758 0.00362870615983993663 -0.00233005730874348473 
-0.00051842838580846474 0.00362805451322808798 -0.00186344865134029742 
-0.00043943209761591206 0.00345147433132072601 -0.00191788248807820208 
-0.00051156183721273436 0.00359053711375187292 -0.00152951053704384362 
-0.00052227004606431753 0.00388796625631557258 -0.00298931957026915725 
-0.00049324103019426284 0.00346892233528223182 -0.00118959370986629993 
-0.00048254140557793247 0.00371040594200931642 -0.00280659208871129624 
-0.00057347315767017869 0.00388513094897998800 -0.00240560214721885837 
-0.00043937087062786805 0.00359403361245997678 -0.00229780543737895986 
-0.00055212661230598435 0.00382604117654826263 -0.00196749793255527293 
-0.00049618839923400377 0.00378456011257986835 -0.00296241267239381097 
-0.00050800239707221194 0.00365369296207367859 -0.00183754054202480517 
-0.00055115147942077765 0.00408420386135845311 -0.00319951136621888024 
-0.00050095024488703698 0.00368740383834986665 -0.00220397898560512062 
-0.00052493482494116292 0.00394310681895895798 -0.00306968029330224792 
-0.00053892041823721019 0.00384560641564311466 -0.00232113934145425707 
-0.00045442900800936114 0.00368273762451544907 -0.00269788345354962785 
-0.00054932390144589189 0.00392842213217454213 -0.00245704120976213917 
-0.00042933513510767156 0.00367029928668429059 -0.00266748622536227891 
-0.00050674505355560891 0.00380322694530296377 -0.00217217753200843033 
-0.00047452151704213317 0.00388834199163455531 -0.00331517564277577538 
-0.00048004728972002243 0.00363868976024932754 -0.00154668641008219327 
-0.00047063804449262747 0.00394491670352133030 -0.00365293182831418622 
-0.00056848584602982950 0.00411822199840198005 -0.00280969740064396624 
-0.00036701886764116902 0.00354385821264292713 -0.00267071353287377583 
-0.00046582905588844520 0.00368490199041427661 -0.00225200591253955007 
-0.00042388856468368109 0.00378140610944214996 -0.00319220153151854834 
-0.00052771518920782952 0.00404534447745812618 -0.00283796452363936419 
-0.00043916317758938933 0.00381261383222349700 -0.00312284403640470786 
-0.00052115300748301215 0.00392817343152955436 -0.00250091461133700003 
-0.00037937897739565935 0.00369117308512263535 -0.00318492055147578685 
-0.00045364414565195584 0.00371547506696158622 -0.00219200809842995739 
-0.00043706226494147642 0.00384562173938845500 -0.00323907332033397839 
-0.00056923011996768964 0.00421483940784182082 -0.00330771600797824267 
-0.00042672526898462649 0.00381525699893004713 -0.00312533559243890775 
-0.00052963018648263251 0.00414130310052923840 -0.00306098298943441403 
-0.00037628909022684312 0.00375075657537005547 -0.00349503983087703571 
-0.00054284712994259905 0.00416586161830532348 -0.00314374892745815458 
-0.00042796998302809539 0.00397066826917263655 -0.00377485324854576372 
-0.00047905994887636528 0.00397902218727690452 -0.00302274567312595804 
-0.00052757849985456563 0.00436429561938837633 -0.00446940297824729733 
-0.00046408493904782748 0.00393886981938787635 -0.00268099056795259062 
-0.00042476810591289961 0.00397525834778363236 -0.00352720300799389029 
-0.00056677615883272514 0.00439663764715445340 -0.00372374885720205481 
-0.00036674870412649536 0.00377532896832415144 -0.00343653515107859679 
-0.00051965772673245609 0.00415949286086171946 -0.00321595905543291174 
-0.00043411093118642005 0.00409877199804747992 -0.00383881534677164328 
-0.00049130328526557311 0.00408984347519088590 -0.00315147725735646488 
-0.00034080716655277319 0.00372804131013452144 -0.00347117546540164253 
-0.00049653763015186842 0.00421938633467746401 -0.00376431747309295467 
-0.00037126758463813738 0.00391401206571301633 -0.00391110016998506317 
-0.00047397555479015844 0.00405803861690891363 -0.00304944751204030192 
-0.00029379060506781892 0.00363435283242078853 -0.00336921819150335245 
-0.00048141705346721388 0.00416824984885189043 -0.00363326483912704019 
-0.00036276131774874454 0.00387921454080332549 -0.00380044319505521214 
-0.00043509239423932298 0.00403900714309545460 -0.00363155795323738539 
-0.00041676466144927119 0.00415923820551082363 -0.00430815073377352389 
-0.00045717698887199557 0.00408246806841518293 -0.00318447536953430591 
-0.00038615353740424998 0.00400462790577820089 -0.00381182317502545874 
-0.00043096763533964763 0.00403684002302926153 -0.00320909804787178994 
-0.00035500412533666869 0.00393272135842755166 -0.00384240068486798973 
-0.00048370760950509060 0.00427473280822636588 -0.00387889450192903038 
-0.00035748338567847659 0.00397219318959139093 -0.00391590649691971743 
-0.00046374050896433284 0.00420072999173816408 -0.00352477824894772192 
-0.00027646713385451609 0.00367505497682542141 -0.00345435546998620717 
-0.00039491186172181528 0.00398362775283710516 -0.00357545686352948562 
-0.00036925484098518011 0.00403726315419419314 -0.00409295107148980718 
-0.00041661123265159791 0.00407040200089663681 -0.00345945194197866228 
-0.00032353995775251382 0.00393125338131256746 -0.00424070896155000557 
-0.00049892805631907586 0.00439962744367644251 -0.00390986613864512285 
-0.00035453254716955404 0.00408649190731047007 -0.00449363668379894939 
-0.00046199161464110730 0.00430461356948991670 -0.00387487910741558372 
-0.00035417931264951824 0.00409768993272446435 -0.00448375263403801190 
-0.00037506557990130298 0.00398031788110840817 -0.00340895316705929060 
-0.00030172211374831397 0.00391847814866559761 -0.00403699538100510749 
-0.00038225316301471115 0.00405106121079043102 -0.00354454118805657380 
-0.00031131020876844239 0.00398979425689338293 -0.00440072295599781317 
-0.00050432969250742139 0.00455973828145891588 -0.00422897177780804691 
-0.00028805305461266636 0.00390409333632212724 -0.00410407244741022720 
-0.00039891916767121737 0.00420133730058488714 -0.00399177862693914087 
-0.00027145719054878916 0.00385247031814888678 -0.00399141949962758882 
-0.00043606995818765685 0.00432314224454911824 -0.00416879820796428602 
-0.00024553652378898932 0.00383911781949467130 -0.00405290274175565922 
-0.00044653653974299334 0.00444816541320582157 -0.00430857841005550732 
-0.00033460946253853491 0.00424546698374991208 -0.00471155491462487211 
-0.00041864851922042011 0.00429648060687110381 -0.00392707168713720550 
-0.00030485822237341387 0.00408292306442425718 -0.00436046698604991567 
-0.00039494235318872036 0.00419277605928789019 -0.00367398741596254271 
-0.00028319991322138825 0.00401369739167467630 -0.00441565148780527841 
-0.00036880499772871966 0.00413776778296733733 -0.00352735811448598446 
-0.00024508494357627079 0.00388363399977125672 -0.00417906294479124946 
-0.00043629555834658653 0.00450493506246525503 -0.00445262662238187119 
-0.00027926332192124294 0.00404340571737124479 -0.00457022882169365319 
-0.00038067786068854783 0.00429815037150934730 -0.00414548072242970460 
-0.00027620784454082491 0.00408829889914298725 -0.00444475189974893273 
-0.00039082918262659384 0.00431817017835551663 -0.00396862279550088629 
-0.00017558805611475733 0.00371057198430869246 -0.00391569669343863960 
-0.00039301424334273546 0.00439536438095114879 -0.00451947575512517442 
-0.00031090460323903108 0.00423535513188673125 -0.00460346970922016069 
-0.00044676737331184610 0.00461844623702545396 -0.00445580725060036251 
-0.00019857040020289959 0.00383477433190606252 -0.00415795349362039178 
-0.00049415806436411101 0.00477595904657712733 -0.00490748939901015056 
-0.00029326848896518953 0.00406144532508707651 -0.00416860569290117104 
-0.00047159798983018790 0.00455940384589289399 -0.00396610319137744548 
-0.00035175786160530898 0.00424274695450505609 -0.00382960881453389516 
-0.00042574211992932017 0.00432562460162471633 -0.00309263074688610144 
-0.00034163327269824478 0.00425216173620818379 -0.00400818022311620614 
-0.00044884916724242973 0.00444598020279780154 -0.00328958913490197229 
-0.00032594346528217160 0.00421485155323049129 -0.00403665912676487437 
-0.00045973537526166578 0.00446485891278167440 -0.00314831578810869598 
-0.00028424875104117757 0.00403499384565882482 -0.00359000447549306066 
-0.00051224140749194565 0.00482654151729293088 -0.00426475043701958316 
-0.00030307552743840652 0.00423378776770855052 -0.00425707523361335514 
-0.00043562256186411658 0.00460775331536006187 -0.00397802443472600794 
-0.00017748345611987910 0.00387394572359097116 -0.00412772079751431986 
-0.00035381175825757364 0.00440798446844765848 -0.00440678833459240589 
-0.00009550243413252238 0.00367975987491630857 -0.00416297360671587322 
-0.00034677417609338851 0.00451949243073738929 -0.00504209600769307299 
-0.00014068822107309823 0.00385553380737872504 -0.00438657421456203640 
-0.00033020261149417304 0.00449538571061988516 -0.00483941215000093655 
-0.00020574136084652568 0.00416457186134436275 -0.00500109011550160625 
-0.00031122004953833504 0.00441510116863101654 -0.00480926587600030535 
-0.00014218025943031349 0.00393530981771438634 -0.00466647466760874118 
-0.00030786360994575576 0.00449946559649966240 -0.00522716728355109538 
-0.00011943079505626894 0.00392772869088012233 -0.00489918865997954721 
-0.00023971090611097474 0.00420319695001861258 -0.00445257489843076202 
-0.00006717059573914174 0.00374519233469177044 -0.00465523862427764772 
-0.00029655311036659500 0.00443637968093952249 -0.00480559964512936727 
-0.00008979506156445865 0.00386390663898633028 -0.00458225612796372625 
-0.00032255358623427526 0.00455836842925949875 -0.00515813527469054494 
-0.00009432853222555808 0.00389599944261746680 -0.00471138135571652281 
-0.00015983091345706088 0.00399890582148373572 -0.00441329586592381726 
-0.00002989089204709263 0.00359796664846721804 -0.00412399216267679732 
-0.00023607507621723335 0.00426352316981682810 -0.00454594843731142336 
-0.00013729158451464746 0.00406186831580854137 -0.00485240390382536690 
-0.00021907616315677955 0.00434365172610362386 -0.00504528474432197616 
-0.00012052116500335810 0.00402626091300265897 -0.00479700593079000238 
-0.00025876560190021272 0.00438697650178304123 -0.00470794070878980449 
-0.00001140320715905955 0.00365372454850222943 -0.00449884658180766013 
-0.00025586337616661842 0.00443990717627156493 -0.00486226934874567536 
-0.00001578791222314220 0.00367600612193900132 -0.00437571776685603993 
-0.00018048613782701444 0.00419434102633055653 -0.00454386731741156583 
-0.00003645780732777673 0.00380789329120916325 -0.00476020459375818810 
-0.00020694900303868562 0.00432740295302009356 -0.00492610048883639420 
-0.00006574861681206168 0.00398925800456664294 -0.00512492748545850894 
-0.00019660124973395305 0.00426917004293899532 -0.00476934803063066345 
0.00000060394620991956 0.00366542544503796128 -0.00461238555352984879 
-0.00019120681155709250 0.00425774982390272286 -0.00476162056727576569 
0.00007226305699086627 0.00345930772377091127 -0.00406445971368471666 
0.00002205998022483164 0.00367446096486094336 -0.00442998230573234293 
-0.00014647251353681526 0.00422817626675122543 -0.00485925084287935037 
0.00001797323730397038 0.00378300091803079452 -0.00485480427779105394 
-0.00007974412003647829 0.00394061154154761069 -0.00423955879299771961 
0.00002827994268167353 0.00375305475244324793 -0.00487361949704748221 
-0.00021887508327389873 0.00457122247863826596 -0.00535990110715054563 
0.00009236344131473544 0.00349448347103202290 -0.00447205400673479289 
-0.00008891578903772764 0.00402684869927612699 -0.00453224390555069870 
0.00000725535230275041 0.00383815542151004063 -0.00493822883947131735 
-0.00009296164699475781 0.00408068760526231634 -0.00448294551610571752 
0.00002249831241640587 0.00389129072400649836 -0.00538945420797065471 
-0.00010215774671211696 0.00414668331111383605 -0.00475553699532164486 
0.00008002109971997398 0.00367366509447852223 -0.00478954144393375306 
-0.00015804009099429042 0.00448685845471630783 -0.00555490406840655759 
0.00006761619836095629 0.00370191221412001416 -0.00483401508754766323 
-0.00009948362313144676 0.00426356069400462678 -0.00504091847310818644 
0.00009169275641129253 0.00363917788699231765 -0.00467836152648358483 
-0.00002654485561093468 0.00396670928224032715 -0.00463102553645899050 
0.00008614473012345233 0.00380130401878896879 -0.00512534573863637506 
-0.00004949705097827072 0.00416921728467007941 -0.00493137211098590260 
0.00013096570273519049 0.00353259626989545737 -0.00458824081291035052 
-0.00001543277145394452 0.00397021422794554234 -0.00488080578058570566 
0.00014556303951694947 0.00361627490359328098 -0.00498971115087273875 
-0.00003722366622787584 0.00415414554960710086 -0.00502255876539049739 
0.00017326408415712583 0.00349953240067603540 -0.00447794387767561780 
-0.00001155334500381342 0.00412257422162418292 -0.00517006156598413900 
0.00021614402232098738 0.00337761341594155443 -0.00447394112739375478 
-0.00001815985093902222 0.00413741289413868327 -0.00516730466733865759 
0.00020115746284569432 0.00348206240103597327 -0.00474718060694752191 
0.00008878439449619825 0.00378914064197910733 -0.00468766360712710717 
0.00023172974150463684 0.00329583759996787381 -0.00447910835878594354 
0.00004643621816108063 0.00388413008947347763 -0.00457913166209281824 
0.00024233393562674948 0.00333415425215400664 -0.00454415312423556324 
0.00002714773682271405 0.00411128081150688874 -0.00523005127330451649 
0.00019592722159726461 0.00358257065481594993 -0.00482304155227530115 
-0.00002673229466014374 0.00422773499824829861 -0.00524975350433804291 
0.00022030494853306958 0.00339780344540392427 -0.00457732041843990443 
0.00002841470229953346 0.00411247597700303662 -0.00504504033612373105 
0.00027645118060892445 0.00323951249542206443 -0.00436943258775018568 
0.00006638404308108011 0.00397959469831428176 -0.00506257131364035683 
0.00031525324460567104 0.00323222524399921192 -0.00462634975373968881 
0.00011441031069080193 0.00389231325383895647 -0.00485306365982516360 
0.00035914581924251785 0.00306646202955412634 -0.00426135902381624167 
0.00007138151427580675 0.00407252576467268586 -0.00541473908353452740 
0.00033214425542412563 0.00318476998320400308 -0.00416420909413759473 
0.00018300070912964585 0.00362046375580266176 -0.00465739300035173005 
0.00031125036514562663 0.00331554506127887828 -0.00480152388764464814 
0.00013377550277825538 0.00381983543074350656 -0.00493533946782289106 
0.00034740735917191328 0.00319720689480239382 -0.00458347967190773226 
0.00022062337558704132 0.00354141287325643274 -0.00444841108409676448 
0.00042800463509489785 0.00300313034301020673 -0.00440698726594708750 
0.00021738583677179948 0.00374821848058977565 -0.00569482943352743465 
0.00048997395289691349 0.00307457319287748757 -0.00614957861194054267 
0.00025490579859889062 0.00386523687810032095 -0.00706162539524216037 
0.00047412348817554742 0.00307481751408364814 -0.00584717577010786249 
0.00022528798987512014 0.00386090253226731165 -0.00659881976049383513 
0.00044308495690456541 0.00316895867743350636 -0.00560514738240209739 
0.00024833157556294514 0.00370452862855089179 -0.00548881394324668339 
0.00054305788368180156 0.00266170351945654729 -0.00419230837434505718 
0.00030988757280778559 0.00342004909543573189 -0.00458836125967689197 
0.00049049461310699395 0.00284263662949058200 -0.00432282372659738203 
0.00025146124059647414 0.00358493750579296378 -0.00464328934802215286 
0.00040384605176529373 0.00315453240093019728 -0.00472197244390194521 
0.00028953109312346542 0.00353047340056885078 -0.00457618628630777555 
0.00053309872631210060 0.00270448970115140302 -0.00357397779539373600 
0.00029562751216688482 0.00353354523299758859 -0.00454812473571743030 
0.00055919517926972338 0.00268373688120108686 -0.00387793913570644213 
0.00026979533416030048 0.00368357248325109016 -0.00490514964399201871 
0.00042099029846973969 0.00327924639448429547 -0.00500602214608641960 
0.00026169528837018813 0.00374725759671217743 -0.00514948302480628620 
0.00048800072473549844 0.00295009285770388586 -0.00420637675292205668 
0.00036851673541605823 0.00341414197779465068 -0.00425231707460280422 
0.00048120453132249766 0.00308032575535313081 -0.00472382576011820543 
0.00033740125664696304 0.00349625358227855735 -0.00469293953643681871 
0.00059118741063795578 0.00267444401316277447 -0.00387643184512829250 
0.00038591832725097395 0.00327972561003553754 -0.00423818051496118332 
0.00060586771459490978 0.00262043619836940540 -0.00383297373790869459 
0.00038545159307246254 0.00338563969572756428 -0.00454855734163998274 
0.00062314251102500674 0.00260782969667666025 -0.00392759863671481545 
0.00037623251963613978 0.00346964138489360731 -0.00467829851487407133 
0.00060128938702731804 0.00270188888058556231 -0.00390173075458719433 
0.00044766648758574055 0.00318068773338482658 -0.00418177484534598253 
0.00056920525036733118 0.00286648907787089274 -0.00437564423865209953 
0.00038461074944555620 0.00350024292137052174 -0.00486375352560326941 
0.00064468678058458243 0.00256661337283125473 -0.00378035269943804292 
0.00034970203290595251 0.00369695786944835040 -0.00517031473662651810 
0.00055801027890308428 0.00299888495904786744 -0.00462405008871172307 
0.00044283127707197276 0.00325593874871432220 -0.00453979003277647265 
0.00069699312521875380 0.00251452467450079872 -0.00373822702408466113 
0.00045534455460097918 0.00329838461287019265 -0.00471377734141176230 
0.00067059068442994988 0.00266109818214297061 -0.00410071883807590094 
0.00044078900956823631 0.00342674583477271810 -0.00470434112694206440 
0.00070717363510999017 0.00254736620420966450 -0.00385319743584377691 
0.00044474057898015700 0.00339983855965837137 -0.00472639130848484523 
0.00068063563495437572 0.00259465488145156978 -0.00372158455272809420 
0.00050534537826841044 0.00326472474987977209 -0.00457174107486767178 
0.00063668628283867937 0.00286445672732427506 -0.00452957106980625239 
0.00051219811006361236 0.00326004495651469831 -0.00472859460477005871 
0.00071144981150455936 0.00259002991416404631 -0.00429984091216676582 
0.00054811697918776697 0.00304507897555280748 -0.00391013794304799923 
0.00073981476279537427 0.00248299400837373105 -0.00403192672715781911 
0.00047465513939694217 0.00333812348644142547 -0.00462589919222244298 
0.00087168939411683155 0.00196777974807502360 -0.00315850061611750322 
0.00048766373315434642 0.00341604107609223048 -0.00474625901939991404 
0.00078621848546509975 0.00236871321551967908 -0.00353839906732040296 
0.00050431374418333501 0.00328207418326409905 -0.00462234234247681404 
0.00078359012986913717 0.00237958625901235447 -0.00373735683924438043 
0.00051374134435879404 0.00335579775862689545 -0.00497487609136182136 
0.00082448439339523924 0.00223941361062878928 -0.00347106238135007740 
0.00058933585920082276 0.00315152914051306399 -0.00452199760115026828 
0.00076405599814548968 0.00256510732702534047 -0.00419170355267908280 
0.00062811028523027199 0.00300734229889451556 -0.00389639833192829662 
0.00082763289522795038 0.00234028997676160927 -0.00368795028624078819 
0.00060394121810034940 0.00309775183673022996 -0.00430845628895085153 
0.00089431628726025446 0.00216643799835186104 -0.00337986236039258857 
0.00062604429373281961 0.00310150351863765217 -0.00438988109242150707 
0.00089341468525431492 0.00209892865018275823 -0.00330835686742116412 
0.00056709595371146645 0.00332450574758592129 -0.00501683783906055336 
0.00081437343319834294 0.00242990137215741203 -0.00386129759041914074 
0.00068566496250005004 0.00283912051164096884 -0.00375536773909714797 
0.00088898090803001006 0.00219988109179774247 -0.00338852534199164408 
0.00072550438763885556 0.00273349732194762187 -0.00374652220836346707 
0.00090890236654914516 0.00211535146577326860 -0.00314479087726132712 
0.00063937366894331095 0.00305286631516988368 -0.00420804008397490138 
0.00093311502705338187 0.00213645561014036509 -0.00352860930890755388 
0.00069370293648352553 0.00304139908070359590 -0.00478027568001955765 
0.00098240531268474224 0.00206231853819291606 -0.00347026622500341440 
0.00068129088762528369 0.00307844716311190614 -0.00430158648433351994 
0.00098204055941002156 0.00199021536444706632 -0.00309980434594921356 
0.00066394562412099370 0.00308400992022420974 -0.00423775953774306168 
0.00098399967724059861 0.00204499635469043445 -0.00342193999110346984 
0.00076791035305956510 0.00280544594311991045 -0.00392517313723675029 
0.00101242249198264063 0.00199409594658752362 -0.00327479203319244218 
0.00067663817962857593 0.00317417676084274939 -0.00477670707882114996 
0.00098159678963933650 0.00205207443478608309 -0.00320543100636664583 
0.00078029069648476190 0.00279163812172993639 -0.00418073103882290759 
0.00088982399584345141 0.00246458072513417586 -0.00375627239567490881 
0.00076124120623898169 0.00296708760796688710 -0.00429858866629971061 
0.00096142615059281408 0.00224939308320582648 -0.00375631528928939765 
0.00071605118686318735 0.00310157593635386909 -0.00465085868894161026 
0.00104410401906803352 0.00187543559175429590 -0.00298964405730260674 
0.00071963181253741743 0.00313527722738526785 -0.00465490780470949675 
0.00109150252591298357 0.00173272768295617977 -0.00274352728722221644 
0.00077723239935503481 0.00284479096072730742 -0.00386547435362679173 
0.00118445271214213748 0.00153350296582609289 -0.00260515107994728360 
0.00082378451139815856 0.00277104902140024815 -0.00388978934323996059 
0.00119178146030983045 0.00140789500076552235 -0.00229388098860198314 
0.00086117486151664853 0.00261890630683146459 -0.00372486565671599880 
0.00110830202732594427 0.00179457100443642086 -0.00284386635378177472 
0.00093500195979762221 0.00239093578218852734 -0.00359604712074271075 
0.00115121445400684407 0.00174998809108786084 -0.00292590544044741066 
0.00090204225717349618 0.00265385169822560715 -0.00396943596538070539 
0.00110760303315344524 0.00197989201336636706 -0.00348867401160541865 
0.00095436287832618202 0.00236032676768169972 -0.00340623859772062063 
0.00111052898283055712 0.00186046404569026260 -0.00325937312228241150 
0.00089117080419132263 0.00262905751319809184 -0.00381452260258125214 
0.00121282468812117976 0.00150995126842543102 -0.00249923057743363895 
0.00094181625084476298 0.00251213285513551170 -0.00369296453889014862 
0.00122962254132657068 0.00148554741908479512 -0.00234301243072740145 
0.00095054754390960891 0.00258660535550914172 -0.00385401197071094312 
0.00123337905072256802 0.00160593478841961892 -0.00303586918457339223 
0.00100067096839542087 0.00238733528919133188 -0.00341630011649047671 
0.00115105555700717455 0.00196662054698107424 -0.00334508074924785024 
0.00100278151873322229 0.00241898640443972317 -0.00360625349021412300 
0.00129535695524918976 0.00135065748869350657 -0.00224274581187187960 
0.00098694477649286612 0.00252431743490658545 -0.00389264707656036910 
0.00122360639855120714 0.00175303649957676095 -0.00335282064992149971 
0.00099871317074507089 0.00243086162124953433 -0.00357455472430189729 
0.00131292184630455778 0.00139864536490278812 -0.00256358021276194281 
0.00101095031387343987 0.00245930238396120052 -0.00394689773606417445 
0.00129165506605137927 0.00151476074413910752 -0.00256171020599812570 
0.00110855827822415091 0.00212454802505680426 -0.00320876047942769867 
0.00128489254873329116 0.00159446749049052517 -0.00282737522636683112 
0.00103916566921355923 0.00242966739389484723 -0.00380642586712083824 
0.00130031011402460730 0.00158135837739794877 -0.00300684123350636020 
0.00101475554550226727 0.00259043032193207899 -0.00397432793702338916 
0.00141880360722464551 0.00112514975893484009 -0.00218678011322559354 
0.00112031067710309322 0.00222225925847796199 -0.00330604118153294147 
0.00129550017251664614 0.00162559737271993012 -0.00308581614728984256 
0.00116856484518425827 0.00207287952530188762 -0.00336836328322555768 
0.00136918679245747539 0.00143181949142203672 -0.00281289907085428012 
0.00104437325758728172 0.00253914038340286637 -0.00409403077378269788 
0.00140554945741499094 0.00123039158901023724 -0.00233719812283576366 
0.00105568468975264073 0.00254364455024258355 -0.00400921371716731444 
0.00147385254393247425 0.00103836272431482701 -0.00193419459745950198 
0.00108267213729306105 0.00249260094817204585 -0.00415381330033729249 
0.00139455159959274693 0.00137205184598248415 -0.00266066931693075817 
0.00121661980323950871 0.00201364932701307607 -0.00306120553274753099 
0.00141514023284686945 0.00132291978662104118 -0.00249907356805651121 
0.00117630949590476663 0.00203615279450994292 -0.00307918917312955493 
0.00146413460113308403 0.00115058189271980771 -0.00206640658259390781 
0.00127561639370506511 0.00177242202350897824 -0.00261861514951239457 
0.00142680939541838837 0.00128902211716200093 -0.00237933851611213517 
0.00127409524965069057 0.00181903476016841538 -0.00283670490800803747 
0.00147699860120980913 0.00117446251873539994 -0.00228832811284141336 
0.00134213865662601581 0.00159317017942190104 -0.00225030109119835758 
0.00157240653561734338 0.00092963704076358216 -0.00217078803817339749 
0.00125395648423007842 0.00198297323937326716 -0.00322885748314723393 
0.00163557253769211573 0.00074201169233127943 -0.00167384794076424169 
0.00120802821653507447 0.00219323954487158886 -0.00328876558016624439 
0.00160829769604944341 0.00078481651630967278 -0.00182545670599481560 
0.00119967780309233147 0.00224637150110002697 -0.00352993448524809581 
0.00159051474356871041 0.00088978079126359312 -0.00187802065242761757 
0.00134979774814046605 0.00172782015851448293 -0.00270393602345854423 
0.00163456891259181405 0.00075669421670479628 -0.00182753031922905417 
0.00130582195842096301 0.00195499221995529791 -0.00342146307021789272 
0.00159936698539997002 0.00093523562480315222 -0.00194141215591112190 
0.00135764250988306941 0.00169316672283140656 -0.00264999179543768011 
0.00166109692042908617 0.00071242285745892872 -0.00141118155267781395 
0.00137730016754128914 0.00177633522319148069 -0.00298383246054871511 
0.00175528735014620686 0.00025538897544298013 -0.00082886636128776136 
0.00147361591541228520 0.00138522102010383728 -0.00259218376368119128 
0.00172443000925051192 0.00052479346942299360 -0.00120310221282665490 
0.00137630338883872245 0.00185031077976680405 -0.00302051084847528928 
0.00163764412515722199 0.00081854060801036718 -0.00168498546370083051 
0.00146371958312445155 0.00155987765339212804 -0.00258300130551155065 
0.00171801776798690678 0.00063202627218435312 -0.00181450862751566860 
0.00148158331451774374 0.00145598058091294421 -0.00259779902773690915 
0.00186965346219495785 0.00011322053636289510 -0.00078279119273913685 
0.00152595838636106055 0.00138452602734277222 -0.00230720107167590007 
0.00175150059076976559 0.00064062864802775870 -0.00183455951075507944 
0.00144944393794643571 0.00168308598557531924 -0.00293973695924799709 
0.00174767793166419696 0.00058089926837811721 -0.00168980536162388075 
0.00153143888708419862 0.00139308235922932220 -0.00229483248613571384 
0.00176376390043803534 0.00059594532688200439 -0.00157550184556986368 
0.00154452007586912301 0.00137743044529789341 -0.00235955923562570710 
0.00194068809822777388 -0.00005594552540333765 -0.00040749606765013054 
0.00159519416901697433 0.00121592515819933696 -0.00197516938002938788 
0.00181919512604050400 0.00037696128586642784 -0.00102663884188349875 
0.00154312134119192167 0.00146067952744463559 -0.00260442583514667800 
0.00188034710732382418 0.00027181606847906327 -0.00104818750732617641 
0.00160272217386170758 0.00120456840702902598 -0.00231813427945531557 
0.00190258297893400926 0.00025097280923730555 -0.00107534082495014524 
0.00164486244356350990 0.00112700292401571051 -0.00209097292495995278 
0.00199521440965462395 -0.00007366380809703424 -0.00062644469925615134 
0.00157337949318479397 0.00138439015465634382 -0.00262340117895753545 
0.00203516160690419504 -0.00029180850590897417 0.00010327935268413923 
0.00157145301088348010 0.00156374144029102521 -0.00304586499200723776 
0.00195062168348462592 0.00015829135984728713 -0.00124894883299319628 
0.00166528959869552385 0.00116624113413379841 -0.00212755983420460145 
0.00195974324175316947 0.00012591970664414906 -0.00086147949797682651 
0.00172315966587527998 0.00096370294368225114 -0.00181902955981633500 
0.00210157205014457719 -0.00034062012585001826 -0.00018371552675743876 
0.00182115996275150475 0.00065026336895541461 -0.00123340423826003606 
0.00206814376908029656 -0.00014233889139579940 -0.00051854250387621797 
0.00179682497777516230 0.00077771162474264785 -0.00152102133068179424 
0.00206990401427678680 -0.00026042558260834829 -0.00021498516588607289 
0.00178531741785162312 0.00093657978987910927 -0.00212683598242692073 
0.00207934871743631388 -0.00018103582498902465 -0.00052121701685491919 
0.00173121317788231988 0.00105342833654667066 -0.00199928317394531749 
0.00219953283444843366 -0.00062643170500289677 0.00042496161554000760 
0.00187434964674677005 0.00053813465756311627 -0.00112692031535073576 
0.00219549576899824963 -0.00053046656825439216 0.00022253317763085080 
0.00182178729666282587 0.00077822999309872334 -0.00153246833356668354 
0.00211062213970858101 -0.00025164317567061083 -0.00038599860869680609 
0.00192254143580076293 0.00040416429342276307 -0.00093581590574951575 
0.00177185959469145339 0.00104065689824173169 -0.00195824533808529062 
0.00224071208574684773 -0.00065166658989897165 0.00043204481538725525 
0.00186387474149746430 0.00074049424128550369 -0.00159979520617471748 
0.00224505831575254377 -0.00059950484210213417 0.00022577550605099440 
0.00187932154971438489 0.00071410217278011421 -0.00146285663649030513 
0.00219133249670772816 -0.00045406110637615275 -0.00000713250139578662 
0.00200512738663835826 0.00034232938848668558 -0.00102407803628769257 
0.00222753900190141886 -0.00056623317788969730 0.00016200803251775666 
0.00202512474427168953 0.00027290034081600884 -0.00092127441111989044 
0.00226372881375069704 -0.00056153600513934648 0.00018225088519744715 
0.00199015137723758699 0.00039973295894118696 -0.00099348943369053288 
0.00233318691613550871 -0.00085750117696092192 0.00086879096663016668 
0.00200028822697805812 0.00047657790712124666 -0.00156615788424141174 
0.00238200447460988358 -0.00103407372272845254 0.00097513464982407335 
0.00209934722884453804 0.00008277306588982210 -0.00067438710917073433 
0.00234626644270820956 -0.00087892504098111598 0.00057185960322465607 
0.00212652860905132579 -0.00003393140534046699 -0.00020745556748729310 
0.00232692068893095233 -0.00069789595407239739 0.00034532538868489574 
0.00214337106227100371 -0.00008117015476220640 -0.00027924143738458250 
0.00238889143719194647 -0.00089963898250677420 0.00060259320380547077 
0.00216163238195253224 -0.00009344459540328118 -0.00022215232109542822 
0.00243377726679072344 -0.00109747930209283528 0.00115256292265184012 
0.00208588498753983775 0.00018483827827117205 -0.00071302605714925848 
0.00238219556829721239 -0.00080218931188527978 0.00055662521937535799 
0.00217222440950826708 -0.00003160444623309276 -0.00022499464131472491 
0.00239699375859574355 -0.00083629776095914526 0.00073008646281342974 
0.00213102176540501181 0.00013767089500598426 -0.00080678735847113364 
0.00244029551853334548 -0.00095350190530683128 0.00079359629510961137 
0.00211277910129392330 0.00033455734514278759 -0.00125369345733125485 
0.00250716156176911077 -0.00114141004472059727 0.00094006276745469222 
0.00213725602358059985 0.00013044749928251681 -0.00071276914017208274 
0.00251808951394899604 -0.00119218143520802766 0.00116643963148351307 
0.00213657257135323100 0.00015219980752960612 -0.00070926526358888677 
0.00239871534331965400 -0.00070128443156126799 0.00048203962658501355 
0.00216915675566241046 0.00007811460163951013 -0.00067323085525828772 
0.00242744732808358168 -0.00079905780257057927 0.00046478314069145358 
0.00216487000166325433 0.00026400204519934052 -0.00090355777616164942 
0.00252020806207808087 -0.00111930693584328137 0.00092860068168261413 
0.00211656167214335864 0.00039585900114096496 -0.00109006442811164245 
0.00240597550155761345 -0.00063223046829574030 0.00034499330361793205 
0.00222499532200084614 0.00002055327732831838 -0.00011807563843534890 
0.00246465216921739130 -0.00077889897374215709 0.00038557800531674566 
0.00227533347735914835 -0.00019615052903892126 0.00012048861302078450 
0.00244872291092639765 -0.00073052996419607221 0.00035951845221951582 
0.00217577785104748796 0.00025731470684812584 -0.00077863306590888895 
0.00258730753843515416 -0.00125802723605965869 0.00127744812684516267 
0.00224184158852557989 0.00015978932591150690 -0.00108559028064722334 
0.00254190322984833338 -0.00100484155502231090 0.00044162750257088746 
0.00219309311468569553 0.00035616332445813381 -0.00089836763477263177 
0.00256964971451325739 -0.00109114186193248384 0.00116480251145776150 
0.00224551799781484577 0.00000086215718868678 -0.00006145601799471389 
0.00256471110005007273 -0.00104490755411895827 0.00099642459268846741 
0.00211078710299494312 0.00069044611634513833 -0.00140236517504720875 
0.00261579968258748375 -0.00114345889491168444 0.00092223990627687000 
0.00219214673127409105 0.00037373212904299937 -0.00080506591737577343 
0.00252863085473325382 -0.00092332919602217990 0.00063634073976971510 
0.00221093273260751857 0.00034737275951565413 -0.00088501050777005938 
0.00268471026417174772 -0.00139690066444114747 0.00169395950900142096 
0.00232509925058305969 -0.00004411100680770338 -0.00023031673651737546 
0.00258504804368941271 -0.00090877606866192708 0.00062050023868523495 
0.00238564037667848925 -0.00025328439211304797 0.00006236363734365090 
0.00277218303395534386 -0.00164960458408594155 0.00178353909974047521 
0.00238420170824648258 -0.00021555055985716747 0.00002781257562464463 
0.00272288633224230733 -0.00140596268767154576 0.00146416902302711231 
0.00226096600639594161 0.00029912950009332512 -0.00114330068412618895 
0.00281641083775921019 -0.00178403872436080392 0.00219879077709506142 
0.00237635473508007646 -0.00012386687668062440 -0.00031511887272035592 
0.00268228181388343537 -0.00118764692477871096 0.00113674037245605646 
0.00238658191815272099 -0.00015112548558863061 -0.00043617906164618346 
0.00277418003801652852 -0.00164565979021987028 0.00236051850923587594 
0.00253158841749695669 -0.00069694621222450917 0.00104161780274636341 
0.00282093679840906544 -0.00168445854428535876 0.00169782098294308939 
0.00244735920772482570 -0.00027859374709793033 0.00001114626258907274 
0.00271336750606125708 -0.00118110796887289861 0.00072077483090115645 
0.00242619131921819990 -0.00020074894119545376 -0.00000070089863825860 
0.00281479112633985533 -0.00166343566266167336 0.00188500686071771438 
0.00242972868769046092 -0.00022647153171942045 0.00012982312104201283 
0.00274253051166635595 -0.00121309511558577118 0.00144325057611924832 
0.00248107457971276108 -0.00027548058592976666 0.00007256703107745826 
0.00292804119470426718 -0.00192445160934606990 0.00239907416617857888 
0.00246415672647505319 -0.00028233599465826644 0.00010202989923837886 
0.00279015815015762596 -0.00138222042689962587 0.00136262871996337218 
0.00257945584315195844 -0.00053880099773597520 0.00054183784815929549 
0.00290868406444080418 -0.00179049744555039914 0.00226861254917603596 
0.00258782411725953223 -0.00051545761355180125 0.00003146300908401004 
0.00290432640205887799 -0.00171361090370616802 0.00182576401488152950 
0.00254446334150793940 -0.00042341044131539031 0.00008938778262755501 
0.00293794581128710647 -0.00188079182649419528 0.00258249106258275248 
0.00257424528562194077 -0.00051657722324299803 0.00033741423079825601 
0.00302067695018284335 -0.00220623168460082298 0.00293807968617242760 
0.00261449474438307534 -0.00069616128500085803 0.00074565997081454840 
0.00300951027728760733 -0.00198935731781479594 0.00226690533052782695 
0.00255121699563461797 -0.00037376249813299376 0.00018800850676027321 
0.00283952665859421366 -0.00144606620939055543 0.00133814378118061799 
0.00250291526292493061 -0.00021231443338656938 -0.00025431835674662455 
0.00282295511869186822 -0.00139045288273857942 0.00115304088438882859 
0.00250638162795674803 -0.00014072436890272689 -0.00009194656612026555 
0.00287102529330826280 -0.00144859648284621995 0.00130449691603070879 
0.00263138472239174762 -0.00060493610771657040 0.00136828672392567637 
0.00292761242859216871 -0.00174450467188562051 0.00258992513543538630 
0.00256618915571120649 -0.00030687118078467196 -0.00005206448547047187 
0.00287110080660640029 -0.00142214186425592597 0.00124669329411850873 
0.00260543732330125594 -0.00058225085573367812 0.00058965929041949116 
0.00305083181883982835 -0.00199368637511868714 0.00254332208842850474 
0.00263197564776910956 -0.00047923354128159623 0.00059878576833637901 
0.00300168468500625323 -0.00182367690535196309 0.00261666484961513724 
0.00271258853056065979 -0.00080256463383161954 0.00076844140740256126 
0.00301801607291140488 -0.00186442489729554358 0.00233063234747202513 
0.00270796821926035493 -0.00068229298280063052 0.00095873259716699154 
0.00311534001007419611 -0.00225143621469521722 0.00312358748221862239 
0.00271932209237949916 -0.00071223229528447453 0.00094418657081987538 
0.00300064096251728089 -0.00167755174963979490 0.00197688427121385339 
0.00257381146612306599 -0.00021775406435731854 0.00034435041161470651 
0.00313885297878412984 -0.00213299598257933251 0.00270693840368776539 
0.00287648219534936914 -0.00122226353027383712 0.00143946957003055387 
0.00331151407376609891 -0.00281646795854460655 0.00358324904340439135 
0.00302517877886433447 -0.00178126159956461618 0.00239581319404837643 
0.00327848433234966853 -0.00262145071738493270 0.00310252713271667825 
0.00297510853116161140 -0.00159892629335277661 0.00201436890022212373 
0.00332088440958663075 -0.00267784462966109060 0.00323868856825283670 
0.00302278879898796151 -0.00167556870942018937 0.00201784786547395609 
0.00335175519403398429 -0.00281882158375067280 0.00381576100241822792 
0.00302562445949586603 -0.00161763906769529222 0.00193385709585745824 
0.00348731604336026835 -0.00327806387753687423 0.00431077683935703320 
0.00312181119139522383 -0.00195812583612649206 0.00263520585568841970 
0.00339495366777293160 -0.00289530055549420918 0.00368831714485838699 
0.00308640227293090165 -0.00169698966145815874 0.00226159432871155973 
0.00348762280014460087 -0.00323620984418076857 0.00442792809086950487 
0.00316413255228136002 -0.00205186239012836646 0.00290607656804585043 
0.00340681210410407557 -0.00289609536418296374 0.00402190685713312793 
0.00309205555218543000 -0.00169293778742695940 0.00205019804827871830 
0.00351237179098002738 -0.00334516696101272264 0.00443952439715421081 
0.00307460551619874629 -0.00152174390848004303 0.00176338645706271648 
0.00348449754893879419 -0.00299949360457044687 0.00398328969685363566 
0.00311756135539848758 -0.00173347131156337741 0.00201429221507246200 
0.00360103924643162543 -0.00354331001985747508 0.00467463107399075303 
0.00324326398441919517 -0.00219092652528123360 0.00288842793195680930 
0.00360514844280385377 -0.00346019952909250913 0.00462762501144060086 
0.00322707068781992587 -0.00208937666250483527 0.00293906063640076397 
0.00359823194529740537 -0.00345977648088340202 0.00468622664785988893 
0.00341210742572981094 -0.00265901607319231218 0.00339547251928974409 
0.00368900566944839470 -0.00376402490542208880 0.00503235719260020434 
0.00324470500980540569 -0.00208298855208054494 0.00267368195350373757 
0.00367523468789045108 -0.00375480034445759957 0.00530497817554707353 
0.00329183023009487321 -0.00214286831680252522 0.00270686262111376717 
0.00375093405430458127 -0.00395494684887613343 0.00539188683573086844 
0.00330351552926315189 -0.00212999941822128881 0.00260806650746131345 
0.00366710673265831970 -0.00347260752519119777 0.00451071508046848625 
0.00328666178685251562 -0.00211215063067092665 0.00265341335382651483 
0.00370155722841020423 -0.00364341666031629862 0.00485125972725135562 
0.00331406599901872337 -0.00215051433828182233 0.00235895274423762822 
0.00376377546242489484 -0.00379833751527566387 0.00494978344909613455 
0.00340125780454148246 -0.00249313911282981679 0.00349878215826586632 
0.00374822653887487518 -0.00375973023635073865 0.00476973878257563790 
0.00341347273914468195 -0.00259007049206772628 0.00368278868209895478 
0.00375496299519698182 -0.00379644485676679157 0.00501031956987726089 
0.00343417506606081939 -0.00251397583238190201 0.00343118632022288437 
0.00376236931774241766 -0.00368754925361773015 0.00489452018793198364 
0.00340783151399683690 -0.00235990600975880633 0.00291352924944548747 
0.00395557423323025705 -0.00441447265202829682 0.00616577791315964241 
0.00349430597406761830 -0.00258026089195264804 0.00349016905694864328 
0.00381090963654707538 -0.00381924176504537180 0.00494541506090717242 
0.00352353964600360219 -0.00268627808318472371 0.00360594134306931741 
0.00392275710066828428 -0.00434548321117477800 0.00642067240094341182 
0.00356133566199548935 -0.00275640871242237556 0.00368486183805926022 
0.00401854052846048818 -0.00452351844889785706 0.00630583177726370264 
0.00361885152422926695 -0.00307613342700787610 0.00427442175310957517 
0.00396000942962759176 -0.00424465229590172306 0.00538373613427972110 
0.00369699059299723838 -0.00318190037315993447 0.00397390483619948238 
0.00400900457181675891 -0.00434415520971912980 0.00594160653551788296 
0.00369261969838431507 -0.00317257865886957143 0.00408691189395619849 
0.00395052682905742535 -0.00408487205038826455 0.00542711435322926206 
0.00371618192327732898 -0.00318454395477984912 0.00425102685595316141 
0.00403916892734279120 -0.00440644547449938872 0.00612964386827462293 
0.00370417349796363544 -0.00336050235269433903 0.00485602054471880734 
0.00406574257038203740 -0.00443085470011458753 0.00599015933363754652 
0.00375811733701376851 -0.00343675083027505110 0.00489654908916311617 
0.00417446131383216248 -0.00487849326632272540 0.00705608049100671375 
0.00365688752786127612 -0.00295917240327898609 0.00419479057319762250 
0.00411209520880167177 -0.00464416079368194443 0.00638414885553980922 
0.00379066052291988876 -0.00332320671350254220 0.00435291586453791929 
0.00416380894354320685 -0.00481751145379497210 0.00664686201201669484 
0.00374411972733007352 -0.00330851832606774776 0.00507691517642559331 
0.00420993649356345059 -0.00485884135438904158 0.00686265143935298368 
0.00382279349289994840 -0.00351348122745674544 0.00509764010956328256 
0.00419278822137272335 -0.00476396985252289500 0.00662284950586145785 
0.00382683785599261667 -0.00330326549279253475 0.00417456644656545063 
0.00408135722824443971 -0.00433185812794370257 0.00584014852878041342 
0.00393625148116506698 -0.00382218463477612810 0.00521674564094979157 
0.00429702102293738966 -0.00517355919242325733 0.00738461129842614937 
0.00389756236552929675 -0.00363474901010842153 0.00554502426441365673 
0.00426169877121702467 -0.00505107019127245486 0.00726305094234793412 
0.00398345369157211259 -0.00399879670605263800 0.00592274426581444746 
0.00436314723274385668 -0.00533283896097458323 0.00759958570850227492 
0.00388922690114241803 -0.00363077317845099347 0.00520474927120133206 
0.00422657475991416315 -0.00488093004843721898 0.00689273614688168824 
0.00385333546826626587 -0.00348032546858203064 0.00506318079881623757 
0.00429326758629251532 -0.00503994134463255604 0.00699882523087990392 
0.00393957540750387684 -0.00351041537931901394 0.00456534415678997319 
0.00432947335087517388 -0.00510803762320061281 0.00716054186741878988 
0.00409867578989677947 -0.00417218857828649883 0.00583313999106789983 
0.00442399784915290927 -0.00541225764807784678 0.00763764594936207179 
0.00411778301436764756 -0.00420578690210660251 0.00585361609302254005 
0.00443955180157319922 -0.00542984621318767270 0.00789954550886964348 
0.00420338046906840439 -0.00458833515539594158 0.00673204901987061594 
0.00443824689966295510 -0.00551297903854477446 0.00782709575107582399 
0.00408221057487875502 -0.00394919648522311373 0.00536101991361374094 
0.00436313812791671446 -0.00516729316953905803 0.00733428216045782424 
0.00419120537837688271 -0.00443188176421585416 0.00653000446018813744 
0.00451623742054462884 -0.00556942890792767268 0.00787263169467420157 
0.00418331033609515082 -0.00436166948591210947 0.00624288957072574070 
0.00444100533146220625 -0.00526118578805544624 0.00730786074333848040 
0.00424954729677411245 -0.00447542693828916014 0.00622550349773143621 
0.00460041783891729315 -0.00575202413129525213 0.00812929977132267369 
0.00429051701461222439 -0.00450421037448708698 0.00635371010510483829 
0.00461695170941964998 -0.00583727473980064516 0.00841860587927855709 
0.00434950274523941173 -0.00478508978668046748 0.00703504073341257134 
0.00455211519497948115 -0.00560446339563027991 0.00787727208865407133 
0.00423573138200382740 -0.00433857704384077100 0.00620753240965021304 
0.00467359373224613545 -0.00595974667325605174 0.00886811553700028038 
0.00426527346591431752 -0.00456948688028220498 0.00614099113605635558 
0.00474488974654141155 -0.00620516508321400026 0.00879018204984984876 
0.00429010710774765328 -0.00455425331816602160 0.00649955952437412422 
0.00463229779971646282 -0.00574251230627475292 0.00792563559677312429 
0.00446860278255752346 -0.00511154221865245222 0.00726286230937258324 
0.00466520503967356691 -0.00572222984803090820 0.00783167607426867897 
0.00440619141870040882 -0.00488752542012821541 0.00704978820099604227 
0.00481952166642154664 -0.00643294436174841021 0.00927639605814553972 
0.00454861447752956134 -0.00518030913630545316 0.00731938917172837798 
0.00487388597217017390 -0.00658464681230052327 0.00950264552739494422 
0.00439536672390597894 -0.00477084278237212452 0.00699268824458308506 
0.00478678379449736305 -0.00604776419638529492 0.00838590995095013850 
0.00446953458486879385 -0.00504732345120444299 0.00728610117511870395 
0.00482970560993140410 -0.00622696336389599436 0.00879860102455239795 
0.00456238494039816044 -0.00521145862518548973 0.00748945920067668747 
0.00480213303165728279 -0.00618853927498186438 0.00871641654515168188 
0.00450631363314898167 -0.00501294312687460865 0.00712762893564855126 
0.00480703615637555551 -0.00614288317207531756 0.00882770484403071036 
0.00462847826959604004 -0.00550619290521313885 0.00830232464952213728 
0.00492428871166018887 -0.00655577159284116001 0.00933432950210194567 
0.00460959957225507908 -0.00532767088737510358 0.00777978938360713180 
0.00498424279014070878 -0.00677683424786893612 0.01022729512208627942 
0.00462079491128088420 -0.00544818405670370685 0.00839736861182726300 
0.00504972524508695911 -0.00687440008570365003 0.00974335488791053597 
0.00471953374857771776 -0.00563619943664927202 0.00790580078861540143 
0.00503978851805341778 -0.00691105128677921808 0.01002952901868010317 
0.00465114573827081490 -0.00543171605381301530 0.00781349195612836972 
0.00513275545799117550 -0.00714799472906893496 0.01042588323277318305 
0.00474374366443860562 -0.00566737926912742104 0.00822888634768101541 
0.00509454771124836277 -0.00693681274601618165 0.01022416072213725921 
0.00472449210424579890 -0.00549892625286822409 0.00770158624069473136 
0.00510607105477457312 -0.00683964655323873218 0.01019749109709649007 
0.00479452214759504107 -0.00592862278823997474 0.00877082985455162126 
0.00502816774652494088 -0.00669346974520108537 0.00974812757984903910 
0.00490643909222537086 -0.00613474400668141771 0.00913690533574478339 
0.00514522061524114258 -0.00708932039258305599 0.01059965165250651223 
0.00517928474833644677 -0.00720684410173237297 0.01042059969358224633 
0.00489368626581085809 -0.00604574684473002666 0.00846537956800063641 
0.00518399039615071063 -0.00716441580381788588 0.01047033327001589860 
0.00491087070593663588 -0.00621898652883404613 0.00929468934950998353 
0.00531111567779230919 -0.00747719385990623219 0.01089610055201996677 
0.00489398728480487741 -0.00599030423531460125 0.00880625874977079143 
0.00524967621031203601 -0.00742058672515162263 0.01109175066717429242 
0.00493460220902628820 -0.00613907936409774542 0.00935504338215360602 
0.00523370194308511727 -0.00714782676912704886 0.01019370956036076692 
0.00510935409117383756 -0.00677065789292800001 0.01015587420554985715 
0.00540507969261937084 -0.00781307082829614530 0.01165656338584049843 
0.00499287356462612027 -0.00620350773651933383 0.00943355860938648039 
0.00530298542590803678 -0.00742077371266702812 0.01081625643402992290 
0.00516148609502917709 -0.00687261389760955750 0.01044514964642716780 
0.00535064759920766009 -0.00749196040395291342 0.01093394041431256999 
0.00500463989121040665 -0.00625009492306442382 0.00904861326374174595 
0.00539206051154019535 -0.00753764812595442493 0.01108994680893098973 
0.00496523285910765826 -0.00607569065170671455 0.00901940776709273147 
0.00553982801474417128 -0.00814510907661040139 0.01200696419003628029 
0.00517845748633197732 -0.00669411695711946524 0.00967511765125552911 
0.00545531904525969717 -0.00781098078427133746 0.01173116358653288754 
0.00515930620678208256 -0.00654196096330695101 0.00898653233981518487 
0.00557357032725652127 -0.00805786927450888313 0.01159520351432705501 
0.00521562716096917595 -0.00683109142768952710 0.00973754062238600497 
0.00560771333313477092 -0.00825446961567601056 0.01242471511134329680 
0.00520522563709853101 -0.00672856180295495782 0.00991662981353672382 
0.00549210152671344033 -0.00773626124781308985 0.01121916870086060551 
0.00514240960384551669 -0.00652510115949725411 0.00949307687080623575 
