29/10/2020 23:21:20 0 0 0 0 0 0.17234955250632 0
29/10/2020 23:21:23 0 0 0 0 0 0.17234955250632 0
29/10/2020 23:21:26 0 0 0 0 0 0.17234955250632 0
29/10/2020 23:21:29 0 0 0 0 0 0.17234955250632 0
29/10/2020 23:21:32 0 0 0 0 0 0.17234955250632 0
29/10/2020 23:21:35 0 0 0 0 0 0.17234955250632 0
29/10/2020 23:21:37 0 0 0 0 0 0.17234955250632 0
29/10/2020 23:21:40 0 0 0 0 0 0.17234955250632 0
29/10/2020 23:21:43 0 0 0 0 0 0.17234955250632 0
29/10/2020 23:21:46 0 0 0 0 0 0.17234955250632 0
29/10/2020 23:21:49 0 0 0 0 0 0.17234955250632 0
29/10/2020 23:21:55 1727.08680379675 2441.63964173178 0.68173900241881 1.01543122755809 0.0572962743354943 0.17234955250632 0
29/10/2020 23:22:00 1644.77028249137 2379.34982358963 0.288972748703534 0.581056064521376 0.03414736905336 0.17234955250632 0
29/10/2020 23:22:04 1819.29516804703 2902.95042355548 0.681016214239138 0.493439066481617 0.0273578866385369 0.17234955250632 0
29/10/2020 23:22:08 1888.52576118928 2974.85764114141 1.38122632818311 0.300451016186245 0.0162032309013234 0.17234955250632 0
29/10/2020 23:22:11 1889.30805544113 2991.12875906672 1.02162751374654 0.177780818663891 0.0080962863440101 0.17234955250632 0
29/10/2020 23:22:16 1900.40564131917 2996.12558502157 0.853713679806794 0.0708252783978263 0.00343401777589446 0.17234955250632 0
29/10/2020 23:22:19 1912.99817784712 2998.65259341489 1.0599663946838 0.0310653389888812 0.00165065654341971 0.17234955250632 0
29/10/2020 23:22:22 1938.08701902602 2999.41829287942 1.6322953964818 0.020825400917361 0.00114075865908991 0.17234955250632 0
29/10/2020 23:22:26 1932.59898928761 2999.49344863496 1.48859654179949 0.0173878702340059 0.000965984198940357 0.17234955250632 0
29/10/2020 23:22:30 0 0 0 0 0 0.17234955250632 0
29/10/2020 23:22:33 0 0 0 0 0 0.17234955250632 0
29/10/2020 23:22:36 0 0 0 0 0 0.17234955250632 0
29/10/2020 23:22:39 0 0 0 0 0 0.17234955250632 0
29/10/2020 23:22:42 0 0 0 0 0 0.17234955250632 0
29/10/2020 23:22:46 0 0 0 0 0 0.17234955250632 0
29/10/2020 23:22:48 0 0 0 0 0 0.17234955250632 0
29/10/2020 23:22:51 0 0 0 0 0 0.17234955250632 0
29/10/2020 23:22:54 0 0 0 0 0 0.17234955250632 0
29/10/2020 23:22:57 0 0 0 0 0 0.17234955250632 0
29/10/2020 23:23:00 0 0 0 0 0 0.17234955250632 0
29/10/2020 23:23:03 0 0 0 0 0 0.17234955250632 0
29/10/2020 23:23:06 0 0 0 0 0 0.17234955250632 0
29/10/2020 23:23:09 0 0 0 0 0 0.17234955250632 0
29/10/2020 23:23:12 0 0 0 0 0 0.17234955250632 0
29/10/2020 23:23:15 0 0 0 0 0 0.17234955250632 0
29/10/2020 23:23:18 0 0 0 0 0 0.17234955250632 0
29/10/2020 23:23:21 0 0 0 0 0 0.17234955250632 0
29/10/2020 23:23:24 0 0 0 0 0 0.17234955250632 0
29/10/2020 23:23:27 0 0 0 0 0 0.17234955250632 0
29/10/2020 23:23:30 0 0 0 0 0 0.17234955250632 0
29/10/2020 23:23:33 0 0 0 0 0 0.17234955250632 0
29/10/2020 23:23:36 0 0 0 0 0 0.17234955250632 0
29/10/2020 23:23:39 0 0 0 0 0 0.17234955250632 0
29/10/2020 23:23:42 0 0 0 0 0 0.17234955250632 0
29/10/2020 23:23:44 0 0 0 0 0 0.17234955250632 0
29/10/2020 23:23:47 0 0 0 0 0 0.17234955250632 0
29/10/2020 23:23:50 0 0 0 0 0 0.17234955250632 0
29/10/2020 23:23:53 0 0 0 0 0 0.17234955250632 0
29/10/2020 23:23:56 0 0 0 0 0 0.17234955250632 0
29/10/2020 23:23:59 0 0 0 0 0 0.17234955250632 0
